0.000000 1.000000e+02 0.000000e+00 1.000000e+02 0.000000e+00 16 0 0 0 0 0 0 0 0 0 0 0 0 0 0 0 0 0 0 0 0 0 0 0
1.000000 1.000000e+02 0.000000e+00 1.000000e+02 0.000000e+00 16 0 0 0 0 0 0 0 0 0 0 0 0 0 0 0 0 0 0 0 0 0 0 0
2.000000 1.000000e+02 0.000000e+00 1.000000e+02 0.000000e+00 16 0 0 0 0 0 0 0 0 0 0 0 0 0 0 0 0 0 0 0 0 0 0 0
3.000000 1.000000e+02 0.000000e+00 1.000000e+02 0.000000e+00 16 0 0 0 0 0 0 0 0 0 0 0 0 0 0 0 0 0 0 0 0 0 0 0
4.000000 1.000000e+02 0.000000e+00 1.000000e+02 0.000000e+00 16 0 0 0 0 0 0 0 0 0 0 0 0 0 0 0 0 0 0 0 0 0 0 0
5.000000 1.000000e+02 0.000000e+00 1.000000e+02 0.000000e+00 16 0 0 0 0 0 0 0 0 0 0 0 0 0 0 0 0 0 0 0 0 0 0 0
6.000000 1.000000e+02 0.000000e+00 1.000000e+02 0.000000e+00 16 0 0 0 0 0 0 0 0 0 0 0 0 0 0 0 0 0 0 0 0 0 0 0
7.000000 1.000000e+02 0.000000e+00 1.000000e+02 0.000000e+00 16 0 0 0 0 0 0 0 0 0 0 0 0 0 0 0 0 0 0 0 0 0 0 0
8.000000 1.000000e+02 0.000000e+00 1.000000e+02 0.000000e+00 16 0 0 0 0 0 0 0 0 0 0 0 0 0 0 0 0 0 0 0 0 0 0 0
9.000000 1.000000e+02 0.000000e+00 1.000000e+02 0.000000e+00 16 0 0 0 0 0 0 0 0 0 0 0 0 0 0 0 0 0 0 0 0 0 0 0
10.000000 1.000000e+02 0.000000e+00 1.000000e+02 0.000000e+00 16 0 0 0 0 0 0 0 0 0 0 0 0 0 0 0 0 0 0 0 0 0 0 0
11.000000 1.000000e+02 0.000000e+00 1.000000e+02 0.000000e+00 16 0 0 0 0 0 0 0 0 0 0 0 0 0 0 0 0 0 0 0 0 0 0 0
12.000000 1.000000e+02 0.000000e+00 1.000000e+02 0.000000e+00 16 0 0 0 0 0 0 0 0 0 0 0 0 0 0 0 0 0 0 0 0 0 0 0
13.000000 1.000000e+02 0.000000e+00 1.000000e+02 0.000000e+00 16 0 0 0 0 0 0 0 0 0 0 0 0 0 0 0 0 0 0 0 0 0 0 0
14.000000 1.000000e+02 0.000000e+00 1.000000e+02 0.000000e+00 16 0 0 0 0 0 0 0 0 0 0 0 0 0 0 0 0 0 0 0 0 0 0 0
15.000000 1.000000e+02 0.000000e+00 1.000000e+02 0.000000e+00 16 0 0 0 0 0 0 0 0 0 0 0 0 0 0 0 0 0 0 0 0 0 0 0
16.000000 1.000000e+02 0.000000e+00 1.000000e+02 0.000000e+00 16 0 0 0 0 0 0 0 0 0 0 0 0 0 0 0 0 0 0 0 0 0 0 0
17.000000 1.000000e+02 0.000000e+00 1.000000e+02 0.000000e+00 16 0 0 0 0 0 0 0 0 0 0 0 0 0 0 0 0 0 0 0 0 0 0 0
18.000000 1.000000e+02 0.000000e+00 1.000000e+02 0.000000e+00 16 0 0 0 0 0 0 0 0 0 0 0 0 0 0 0 0 0 0 0 0 0 0 0
19.000000 1.000000e+02 0.000000e+00 1.000000e+02 0.000000e+00 16 0 0 0 0 0 0 0 0 0 0 0 0 0 0 0 0 0 0 0 0 0 0 0
20.000000 1.000000e+02 0.000000e+00 1.000000e+02 0.000000e+00 16 0 0 0 0 0 0 0 0 0 0 0 0 0 0 0 0 0 0 0 0 0 0 0
21.000000 1.000000e+02 0.000000e+00 1.000000e+02 0.000000e+00 16 0 0 0 0 0 0 0 0 0 0 0 0 0 0 0 0 0 0 0 0 0 0 0
22.000000 1.000000e+02 0.000000e+00 1.000000e+02 0.000000e+00 16 0 0 0 0 0 0 0 0 0 0 0 0 0 0 0 0 0 0 0 0 0 0 0
23.000000 1.000000e+02 0.000000e+00 1.000000e+02 0.000000e+00 16 0 0 0 0 0 0 0 0 0 0 0 0 0 0 0 0 0 0 0 0 0 0 0
24.000000 1.000000e+02 0.000000e+00 1.000000e+02 0.000000e+00 16 0 0 0 0 0 0 0 0 0 0 0 0 0 0 0 0 0 0 0 0 0 0 0
25.000000 1.000000e+02 0.000000e+00 1.000000e+02 0.000000e+00 16 0 0 0 0 0 0 0 0 0 0 0 0 0 0 0 0 0 0 0 0 0 0 0
26.000000 1.000000e+02 0.000000e+00 1.000000e+02 0.000000e+00 16 0 0 0 0 0 0 0 0 0 0 0 0 0 0 0 0 0 0 0 0 0 0 0
27.000000 1.000000e+02 0.000000e+00 1.000000e+02 0.000000e+00 16 0 0 0 0 0 0 0 0 0 0 0 0 0 0 0 0 0 0 0 0 0 0 0
28.000000 1.000000e+02 0.000000e+00 1.000000e+02 0.000000e+00 16 0 0 0 0 0 0 0 0 0 0 0 0 0 0 0 0 0 0 0 0 0 0 0
29.000000 1.000000e+02 0.000000e+00 1.000000e+02 0.000000e+00 16 0 0 0 0 0 0 0 0 0 0 0 0 0 0 0 0 0 0 0 0 0 0 0
30.000000 1.000000e+02 0.000000e+00 1.000000e+02 0.000000e+00 16 0 0 0 0 0 0 0 0 0 0 0 0 0 0 0 0 0 0 0 0 0 0 0
31.000000 1.000000e+02 0.000000e+00 1.000000e+02 0.000000e+00 16 0 0 0 0 0 0 0 0 0 0 0 0 0 0 0 0 0 0 0 0 0 0 0
32.000000 1.000000e+02 0.000000e+00 1.000000e+02 0.000000e+00 16 0 0 0 0 0 0 0 0 0 0 0 0 0 0 0 0 0 0 0 0 0 0 0
33.000000 1.000000e+02 0.000000e+00 1.000000e+02 0.000000e+00 16 0 0 0 0 0 0 0 0 0 0 0 0 0 0 0 0 0 0 0 0 0 0 0
34.000000 1.000000e+02 0.000000e+00 1.000000e+02 0.000000e+00 16 0 0 0 0 0 0 0 0 0 0 0 0 0 0 0 0 0 0 0 0 0 0 0
35.000000 1.000000e+02 0.000000e+00 1.000000e+02 0.000000e+00 16 0 0 0 0 0 0 0 0 0 0 0 0 0 0 0 0 0 0 0 0 0 0 0
36.000000 1.000000e+02 0.000000e+00 1.000000e+02 0.000000e+00 16 0 0 0 0 0 0 0 0 0 0 0 0 0 0 0 0 0 0 0 0 0 0 0
37.000000 1.000000e+02 0.000000e+00 1.000000e+02 0.000000e+00 16 0 0 0 0 0 0 0 0 0 0 0 0 0 0 0 0 0 0 0 0 0 0 0
38.000000 1.000000e+02 0.000000e+00 1.000000e+02 0.000000e+00 16 0 0 0 0 0 0 0 0 0 0 0 0 0 0 0 0 0 0 0 0 0 0 0
39.000000 1.000000e+02 0.000000e+00 1.000000e+02 0.000000e+00 16 0 0 0 0 0 0 0 0 0 0 0 0 0 0 0 0 0 0 0 0 0 0 0
40.000000 1.000000e+02 0.000000e+00 1.000000e+02 0.000000e+00 16 0 0 0 0 0 0 0 0 0 0 0 0 0 0 0 0 0 0 0 0 0 0 0
41.000000 1.000000e+02 0.000000e+00 1.000000e+02 0.000000e+00 16 0 0 0 0 0 0 0 0 0 0 0 0 0 0 0 0 0 0 0 0 0 0 0
42.000000 1.000000e+02 0.000000e+00 1.000000e+02 0.000000e+00 16 0 0 0 0 0 0 0 0 0 0 0 0 0 0 0 0 0 0 0 0 0 0 0
43.000000 1.000000e+02 0.000000e+00 1.000000e+02 0.000000e+00 16 0 0 0 0 0 0 0 0 0 0 0 0 0 0 0 0 0 0 0 0 0 0 0
44.000000 1.000000e+02 0.000000e+00 1.000000e+02 0.000000e+00 16 0 0 0 0 0 0 0 0 0 0 0 0 0 0 0 0 0 0 0 0 0 0 0
45.000000 1.000000e+02 0.000000e+00 1.000000e+02 0.000000e+00 16 0 0 0 0 0 0 0 0 0 0 0 0 0 0 0 0 0 0 0 0 0 0 0
46.000000 1.000000e+02 0.000000e+00 1.000000e+02 0.000000e+00 16 0 0 0 0 0 0 0 0 0 0 0 0 0 0 0 0 0 0 0 0 0 0 0
47.000000 1.000000e+02 0.000000e+00 1.000000e+02 0.000000e+00 16 0 0 0 0 0 0 0 0 0 0 0 0 0 0 0 0 0 0 0 0 0 0 0
48.000000 1.000000e+02 0.000000e+00 1.000000e+02 0.000000e+00 16 0 0 0 0 0 0 0 0 0 0 0 0 0 0 0 0 0 0 0 0 0 0 0
49.000000 1.000000e+02 0.000000e+00 1.000000e+02 0.000000e+00 16 0 0 0 0 0 0 0 0 0 0 0 0 0 0 0 0 0 0 0 0 0 0 0
50.000000 1.000000e+02 0.000000e+00 1.000000e+02 0.000000e+00 16 0 0 0 0 0 0 0 0 0 0 0 0 0 0 0 0 0 0 0 0 0 0 0
51.000000 1.000000e+02 0.000000e+00 1.000000e+02 0.000000e+00 16 0 0 0 0 0 0 0 0 0 0 0 0 0 0 0 0 0 0 0 0 0 0 0
52.000000 1.000000e+02 0.000000e+00 1.000000e+02 0.000000e+00 16 0 0 0 0 0 0 0 0 0 0 0 0 0 0 0 0 0 0 0 0 0 0 0
53.000000 1.000000e+02 0.000000e+00 1.000000e+02 0.000000e+00 16 0 0 0 0 0 0 0 0 0 0 0 0 0 0 0 0 0 0 0 0 0 0 0
54.000000 1.000000e+02 0.000000e+00 1.000000e+02 0.000000e+00 16 0 0 0 0 0 0 0 0 0 0 0 0 0 0 0 0 0 0 0 0 0 0 0
55.000000 1.000000e+02 0.000000e+00 1.000000e+02 0.000000e+00 16 0 0 0 0 0 0 0 0 0 0 0 0 0 0 0 0 0 0 0 0 0 0 0
56.000000 1.000000e+02 0.000000e+00 1.000000e+02 0.000000e+00 16 0 0 0 0 0 0 0 0 0 0 0 0 0 0 0 0 0 0 0 0 0 0 0
57.000000 1.000000e+02 0.000000e+00 1.000000e+02 0.000000e+00 16 0 0 0 0 0 0 0 0 0 0 0 0 0 0 0 0 0 0 0 0 0 0 0
58.000000 1.000000e+02 0.000000e+00 1.000000e+02 0.000000e+00 16 0 0 0 0 0 0 0 0 0 0 0 0 0 0 0 0 0 0 0 0 0 0 0
59.000000 1.000000e+02 0.000000e+00 1.000000e+02 0.000000e+00 16 0 0 0 0 0 0 0 0 0 0 0 0 0 0 0 0 0 0 0 0 0 0 0
60.000000 1.000000e+02 0.000000e+00 1.000000e+02 0.000000e+00 16 0 0 0 0 0 0 0 0 0 0 0 0 0 0 0 0 0 0 0 0 0 0 0
61.000000 1.000000e+02 0.000000e+00 1.000000e+02 0.000000e+00 16 0 0 0 0 0 0 0 0 0 0 0 0 0 0 0 0 0 0 0 0 0 0 0
62.000000 1.000000e+02 0.000000e+00 1.000000e+02 0.000000e+00 16 0 0 0 0 0 0 0 0 0 0 0 0 0 0 0 0 0 0 0 0 0 0 0
63.000000 1.000000e+02 0.000000e+00 1.000000e+02 0.000000e+00 16 0 0 0 0 0 0 0 0 0 0 0 0 0 0 0 0 0 0 0 0 0 0 0
64.000000 1.000000e+02 0.000000e+00 1.000000e+02 0.000000e+00 16 0 0 0 0 0 0 0 0 0 0 0 0 0 0 0 0 0 0 0 0 0 0 0
65.000000 1.000000e+02 0.000000e+00 1.000000e+02 0.000000e+00 16 0 0 0 0 0 0 0 0 0 0 0 0 0 0 0 0 0 0 0 0 0 0 0
66.000000 1.000000e+02 0.000000e+00 1.000000e+02 0.000000e+00 16 0 0 0 0 0 0 0 0 0 0 0 0 0 0 0 0 0 0 0 0 0 0 0
67.000000 1.000000e+02 0.000000e+00 1.000000e+02 0.000000e+00 16 0 0 0 0 0 0 0 0 0 0 0 0 0 0 0 0 0 0 0 0 0 0 0
68.000000 1.000000e+02 0.000000e+00 1.000000e+02 0.000000e+00 16 0 0 0 0 0 0 0 0 0 0 0 0 0 0 0 0 0 0 0 0 0 0 0
69.000000 1.000000e+02 0.000000e+00 1.000000e+02 0.000000e+00 16 0 0 0 0 0 0 0 0 0 0 0 0 0 0 0 0 0 0 0 0 0 0 0
70.000000 1.000000e+02 0.000000e+00 1.000000e+02 0.000000e+00 16 0 0 0 0 0 0 0 0 0 0 0 0 0 0 0 0 0 0 0 0 0 0 0
71.000000 1.000000e+02 0.000000e+00 1.000000e+02 0.000000e+00 16 0 0 0 0 0 0 0 0 0 0 0 0 0 0 0 0 0 0 0 0 0 0 0
72.000000 1.000000e+02 0.000000e+00 1.000000e+02 0.000000e+00 16 0 0 0 0 0 0 0 0 0 0 0 0 0 0 0 0 0 0 0 0 0 0 0
73.000000 1.000000e+02 0.000000e+00 1.000000e+02 0.000000e+00 16 0 0 0 0 0 0 0 0 0 0 0 0 0 0 0 0 0 0 0 0 0 0 0
74.000000 1.000000e+02 0.000000e+00 1.000000e+02 0.000000e+00 16 0 0 0 0 0 0 0 0 0 0 0 0 0 0 0 0 0 0 0 0 0 0 0
75.000000 1.000000e+02 0.000000e+00 1.000000e+02 0.000000e+00 16 0 0 0 0 0 0 0 0 0 0 0 0 0 0 0 0 0 0 0 0 0 0 0
76.000000 1.000000e+02 0.000000e+00 1.000000e+02 0.000000e+00 16 0 0 0 0 0 0 0 0 0 0 0 0 0 0 0 0 0 0 0 0 0 0 0
77.000000 1.000000e+02 0.000000e+00 1.000000e+02 0.000000e+00 16 0 0 0 0 0 0 0 0 0 0 0 0 0 0 0 0 0 0 0 0 0 0 0
78.000000 1.000000e+02 0.000000e+00 1.000000e+02 0.000000e+00 16 0 0 0 0 0 0 0 0 0 0 0 0 0 0 0 0 0 0 0 0 0 0 0
79.000000 1.000000e+02 0.000000e+00 1.000000e+02 0.000000e+00 16 0 0 0 0 0 0 0 0 0 0 0 0 0 0 0 0 0 0 0 0 0 0 0
80.000000 1.000000e+02 0.000000e+00 1.000000e+02 0.000000e+00 16 0 0 0 0 0 0 0 0 0 0 0 0 0 0 0 0 0 0 0 0 0 0 0
81.000000 1.000000e+02 0.000000e+00 1.000000e+02 0.000000e+00 16 0 0 0 0 0 0 0 0 0 0 0 0 0 0 0 0 0 0 0 0 0 0 0
82.000000 1.000000e+02 0.000000e+00 1.000000e+02 0.000000e+00 16 0 0 0 0 0 0 0 0 0 0 0 0 0 0 0 0 0 0 0 0 0 0 0
83.000000 1.000000e+02 0.000000e+00 1.000000e+02 0.000000e+00 16 0 0 0 0 0 0 0 0 0 0 0 0 0 0 0 0 0 0 0 0 0 0 0
84.000000 1.000000e+02 0.000000e+00 1.000000e+02 0.000000e+00 16 0 0 0 0 0 0 0 0 0 0 0 0 0 0 0 0 0 0 0 0 0 0 0
85.000000 1.000000e+02 0.000000e+00 1.000000e+02 0.000000e+00 16 0 0 0 0 0 0 0 0 0 0 0 0 0 0 0 0 0 0 0 0 0 0 0
86.000000 1.000000e+02 0.000000e+00 1.000000e+02 0.000000e+00 16 0 0 0 0 0 0 0 0 0 0 0 0 0 0 0 0 0 0 0 0 0 0 0
87.000000 1.000000e+02 0.000000e+00 1.000000e+02 0.000000e+00 16 0 0 0 0 0 0 0 0 0 0 0 0 0 0 0 0 0 0 0 0 0 0 0
88.000000 1.000000e+02 0.000000e+00 1.000000e+02 0.000000e+00 16 0 0 0 0 0 0 0 0 0 0 0 0 0 0 0 0 0 0 0 0 0 0 0
89.000000 1.000000e+02 0.000000e+00 1.000000e+02 0.000000e+00 16 0 0 0 0 0 0 0 0 0 0 0 0 0 0 0 0 0 0 0 0 0 0 0
90.000000 1.000000e+02 0.000000e+00 1.000000e+02 0.000000e+00 16 0 0 0 0 0 0 0 0 0 0 0 0 0 0 0 0 0 0 0 0 0 0 0
91.000000 1.000000e+02 0.000000e+00 1.000000e+02 0.000000e+00 16 0 0 0 0 0 0 0 0 0 0 0 0 0 0 0 0 0 0 0 0 0 0 0
92.000000 1.000000e+02 0.000000e+00 1.000000e+02 0.000000e+00 16 0 0 0 0 0 0 0 0 0 0 0 0 0 0 0 0 0 0 0 0 0 0 0
93.000000 1.000000e+02 0.000000e+00 1.000000e+02 0.000000e+00 16 0 0 0 0 0 0 0 0 0 0 0 0 0 0 0 0 0 0 0 0 0 0 0
94.000000 1.000000e+02 0.000000e+00 1.000000e+02 0.000000e+00 16 0 0 0 0 0 0 0 0 0 0 0 0 0 0 0 0 0 0 0 0 0 0 0
95.000000 1.000000e+02 0.000000e+00 1.000000e+02 0.000000e+00 16 0 0 0 0 0 0 0 0 0 0 0 0 0 0 0 0 0 0 0 0 0 0 0
96.000000 1.000000e+02 0.000000e+00 1.000000e+02 0.000000e+00 16 0 0 0 0 0 0 0 0 0 0 0 0 0 0 0 0 0 0 0 0 0 0 0
97.000000 1.000000e+02 0.000000e+00 1.000000e+02 0.000000e+00 16 0 0 0 0 0 0 0 0 0 0 0 0 0 0 0 0 0 0 0 0 0 0 0
98.000000 1.000000e+02 0.000000e+00 1.000000e+02 0.000000e+00 16 0 0 0 0 0 0 0 0 0 0 0 0 0 0 0 0 0 0 0 0 0 0 0
99.000000 1.000000e+02 0.000000e+00 1.000000e+02 0.000000e+00 16 0 0 0 0 0 0 0 0 0 0 0 0 0 0 0 0 0 0 0 0 0 0 0
100.000000 1.000000e+02 0.000000e+00 1.000000e+02 0.000000e+00 16 0 0 0 0 0 0 0 0 0 0 0 0 0 0 0 0 0 0 0 0 0 0 0
101.000000 1.000000e+02 0.000000e+00 1.000000e+02 0.000000e+00 16 0 0 0 0 0 0 0 0 0 0 0 0 0 0 0 0 0 0 0 0 0 0 0
102.000000 1.000000e+02 0.000000e+00 1.000000e+02 0.000000e+00 16 0 0 0 0 0 0 0 0 0 0 0 0 0 0 0 0 0 0 0 0 0 0 0
103.000000 1.000000e+02 0.000000e+00 1.000000e+02 0.000000e+00 16 0 0 0 0 0 0 0 0 0 0 0 0 0 0 0 0 0 0 0 0 0 0 0
104.000000 1.000000e+02 0.000000e+00 1.000000e+02 0.000000e+00 16 0 0 0 0 0 0 0 0 0 0 0 0 0 0 0 0 0 0 0 0 0 0 0
105.000000 1.000000e+02 0.000000e+00 1.000000e+02 0.000000e+00 16 0 0 0 0 0 0 0 0 0 0 0 0 0 0 0 0 0 0 0 0 0 0 0
106.000000 1.000000e+02 0.000000e+00 1.000000e+02 0.000000e+00 16 0 0 0 0 0 0 0 0 0 0 0 0 0 0 0 0 0 0 0 0 0 0 0
107.000000 1.000000e+02 0.000000e+00 1.000000e+02 0.000000e+00 16 0 0 0 0 0 0 0 0 0 0 0 0 0 0 0 0 0 0 0 0 0 0 0
108.000000 1.000000e+02 0.000000e+00 1.000000e+02 0.000000e+00 16 0 0 0 0 0 0 0 0 0 0 0 0 0 0 0 0 0 0 0 0 0 0 0
109.000000 1.000000e+02 0.000000e+00 1.000000e+02 0.000000e+00 16 0 0 0 0 0 0 0 0 0 0 0 0 0 0 0 0 0 0 0 0 0 0 0
110.000000 1.000000e+02 0.000000e+00 1.000000e+02 0.000000e+00 16 0 0 0 0 0 0 0 0 0 0 0 0 0 0 0 0 0 0 0 0 0 0 0
111.000000 1.000000e+02 0.000000e+00 1.000000e+02 0.000000e+00 16 0 0 0 0 0 0 0 0 0 0 0 0 0 0 0 0 0 0 0 0 0 0 0
112.000000 1.000000e+02 0.000000e+00 1.000000e+02 0.000000e+00 16 0 0 0 0 0 0 0 0 0 0 0 0 0 0 0 0 0 0 0 0 0 0 0
113.000000 1.000000e+02 0.000000e+00 1.000000e+02 0.000000e+00 16 0 0 0 0 0 0 0 0 0 0 0 0 0 0 0 0 0 0 0 0 0 0 0
114.000000 1.000000e+02 0.000000e+00 1.000000e+02 0.000000e+00 16 0 0 0 0 0 0 0 0 0 0 0 0 0 0 0 0 0 0 0 0 0 0 0
115.000000 1.000000e+02 0.000000e+00 1.000000e+02 0.000000e+00 16 0 0 0 0 0 0 0 0 0 0 0 0 0 0 0 0 0 0 0 0 0 0 0
116.000000 1.000000e+02 0.000000e+00 1.000000e+02 0.000000e+00 16 0 0 0 0 0 0 0 0 0 0 0 0 0 0 0 0 0 0 0 0 0 0 0
117.000000 1.000000e+02 0.000000e+00 1.000000e+02 0.000000e+00 16 0 0 0 0 0 0 0 0 0 0 0 0 0 0 0 0 0 0 0 0 0 0 0
118.000000 1.000000e+02 0.000000e+00 1.000000e+02 0.000000e+00 16 0 0 0 0 0 0 0 0 0 0 0 0 0 0 0 0 0 0 0 0 0 0 0
119.000000 1.000000e+02 0.000000e+00 1.000000e+02 0.000000e+00 16 0 0 0 0 0 0 0 0 0 0 0 0 0 0 0 0 0 0 0 0 0 0 0
120.000000 1.000000e+02 0.000000e+00 1.000000e+02 0.000000e+00 16 0 0 0 0 0 0 0 0 0 0 0 0 0 0 0 0 0 0 0 0 0 0 0
121.000000 1.000000e+02 0.000000e+00 1.000000e+02 0.000000e+00 16 0 0 0 0 0 0 0 0 0 0 0 0 0 0 0 0 0 0 0 0 0 0 0
122.000000 1.000000e+02 0.000000e+00 1.000000e+02 0.000000e+00 16 0 0 0 0 0 0 0 0 0 0 0 0 0 0 0 0 0 0 0 0 0 0 0
123.000000 1.000000e+02 0.000000e+00 1.000000e+02 0.000000e+00 16 0 0 0 0 0 0 0 0 0 0 0 0 0 0 0 0 0 0 0 0 0 0 0
124.000000 1.000000e+02 0.000000e+00 1.000000e+02 0.000000e+00 16 0 0 0 0 0 0 0 0 0 0 0 0 0 0 0 0 0 0 0 0 0 0 0
125.000000 1.000000e+02 0.000000e+00 1.000000e+02 0.000000e+00 16 0 0 0 0 0 0 0 0 0 0 0 0 0 0 0 0 0 0 0 0 0 0 0
126.000000 1.000000e+02 0.000000e+00 1.000000e+02 0.000000e+00 16 0 0 0 0 0 0 0 0 0 0 0 0 0 0 0 0 0 0 0 0 0 0 0
127.000000 1.000000e+02 0.000000e+00 1.000000e+02 0.000000e+00 16 0 0 0 0 0 0 0 0 0 0 0 0 0 0 0 0 0 0 0 0 0 0 0
128.000000 1.000000e+02 0.000000e+00 1.000000e+02 0.000000e+00 16 0 0 0 0 0 0 0 0 0 0 0 0 0 0 0 0 0 0 0 0 0 0 0
129.000000 1.000000e+02 0.000000e+00 1.000000e+02 0.000000e+00 16 0 0 0 0 0 0 0 0 0 0 0 0 0 0 0 0 0 0 0 0 0 0 0
130.000000 1.000000e+02 0.000000e+00 1.000000e+02 0.000000e+00 16 0 0 0 0 0 0 0 0 0 0 0 0 0 0 0 0 0 0 0 0 0 0 0
131.000000 1.000000e+02 0.000000e+00 1.000000e+02 0.000000e+00 16 0 0 0 0 0 0 0 0 0 0 0 0 0 0 0 0 0 0 0 0 0 0 0
132.000000 1.000000e+02 0.000000e+00 1.000000e+02 0.000000e+00 16 0 0 0 0 0 0 0 0 0 0 0 0 0 0 0 0 0 0 0 0 0 0 0
133.000000 1.000000e+02 0.000000e+00 1.000000e+02 0.000000e+00 16 0 0 0 0 0 0 0 0 0 0 0 0 0 0 0 0 0 0 0 0 0 0 0
134.000000 1.000000e+02 0.000000e+00 1.000000e+02 0.000000e+00 16 0 0 0 0 0 0 0 0 0 0 0 0 0 0 0 0 0 0 0 0 0 0 0
135.000000 1.000000e+02 0.000000e+00 1.000000e+02 0.000000e+00 16 0 0 0 0 0 0 0 0 0 0 0 0 0 0 0 0 0 0 0 0 0 0 0
136.000000 1.000000e+02 0.000000e+00 1.000000e+02 0.000000e+00 16 0 0 0 0 0 0 0 0 0 0 0 0 0 0 0 0 0 0 0 0 0 0 0
137.000000 1.000000e+02 0.000000e+00 1.000000e+02 0.000000e+00 16 0 0 0 0 0 0 0 0 0 0 0 0 0 0 0 0 0 0 0 0 0 0 0
138.000000 1.000000e+02 0.000000e+00 1.000000e+02 0.000000e+00 16 0 0 0 0 0 0 0 0 0 0 0 0 0 0 0 0 0 0 0 0 0 0 0
139.000000 1.000000e+02 0.000000e+00 1.000000e+02 0.000000e+00 16 0 0 0 0 0 0 0 0 0 0 0 0 0 0 0 0 0 0 0 0 0 0 0
140.000000 1.000000e+02 0.000000e+00 1.000000e+02 0.000000e+00 16 0 0 0 0 0 0 0 0 0 0 0 0 0 0 0 0 0 0 0 0 0 0 0
141.000000 1.000000e+02 0.000000e+00 1.000000e+02 0.000000e+00 16 0 0 0 0 0 0 0 0 0 0 0 0 0 0 0 0 0 0 0 0 0 0 0
142.000000 1.000000e+02 0.000000e+00 1.000000e+02 0.000000e+00 16 0 0 0 0 0 0 0 0 0 0 0 0 0 0 0 0 0 0 0 0 0 0 0
143.000000 1.000000e+02 0.000000e+00 1.000000e+02 0.000000e+00 16 0 0 0 0 0 0 0 0 0 0 0 0 0 0 0 0 0 0 0 0 0 0 0
144.000000 1.000000e+02 0.000000e+00 1.000000e+02 0.000000e+00 16 0 0 0 0 0 0 0 0 0 0 0 0 0 0 0 0 0 0 0 0 0 0 0
145.000000 1.000000e+02 0.000000e+00 1.000000e+02 0.000000e+00 16 0 0 0 0 0 0 0 0 0 0 0 0 0 0 0 0 0 0 0 0 0 0 0
146.000000 1.000000e+02 0.000000e+00 1.000000e+02 0.000000e+00 16 0 0 0 0 0 0 0 0 0 0 0 0 0 0 0 0 0 0 0 0 0 0 0
147.000000 1.000000e+02 0.000000e+00 1.000000e+02 0.000000e+00 16 0 0 0 0 0 0 0 0 0 0 0 0 0 0 0 0 0 0 0 0 0 0 0
148.000000 1.000000e+02 0.000000e+00 1.000000e+02 0.000000e+00 16 0 0 0 0 0 0 0 0 0 0 0 0 0 0 0 0 0 0 0 0 0 0 0
149.000000 1.000000e+02 0.000000e+00 1.000000e+02 0.000000e+00 16 0 0 0 0 0 0 0 0 0 0 0 0 0 0 0 0 0 0 0 0 0 0 0
150.000000 1.000000e+02 0.000000e+00 1.000000e+02 0.000000e+00 16 0 0 0 0 0 0 0 0 0 0 0 0 0 0 0 0 0 0 0 0 0 0 0
151.000000 1.000000e+02 0.000000e+00 1.000000e+02 0.000000e+00 16 0 0 0 0 0 0 0 0 0 0 0 0 0 0 0 0 0 0 0 0 0 0 0
152.000000 1.000000e+02 0.000000e+00 1.000000e+02 0.000000e+00 16 0 0 0 0 0 0 0 0 0 0 0 0 0 0 0 0 0 0 0 0 0 0 0
153.000000 1.000000e+02 0.000000e+00 1.000000e+02 0.000000e+00 16 0 0 0 0 0 0 0 0 0 0 0 0 0 0 0 0 0 0 0 0 0 0 0
154.000000 1.000000e+02 0.000000e+00 1.000000e+02 0.000000e+00 16 0 0 0 0 0 0 0 0 0 0 0 0 0 0 0 0 0 0 0 0 0 0 0
155.000000 1.000000e+02 0.000000e+00 1.000000e+02 0.000000e+00 16 0 0 0 0 0 0 0 0 0 0 0 0 0 0 0 0 0 0 0 0 0 0 0
156.000000 1.000000e+02 0.000000e+00 1.000000e+02 0.000000e+00 16 0 0 0 0 0 0 0 0 0 0 0 0 0 0 0 0 0 0 0 0 0 0 0
157.000000 1.000000e+02 0.000000e+00 1.000000e+02 0.000000e+00 16 0 0 0 0 0 0 0 0 0 0 0 0 0 0 0 0 0 0 0 0 0 0 0
158.000000 1.000000e+02 0.000000e+00 1.000000e+02 0.000000e+00 16 0 0 0 0 0 0 0 0 0 0 0 0 0 0 0 0 0 0 0 0 0 0 0
159.000000 1.000000e+02 0.000000e+00 1.000000e+02 0.000000e+00 16 0 0 0 0 0 0 0 0 0 0 0 0 0 0 0 0 0 0 0 0 0 0 0
160.000000 1.000000e+02 0.000000e+00 1.000000e+02 0.000000e+00 16 0 0 0 0 0 0 0 0 0 0 0 0 0 0 0 0 0 0 0 0 0 0 0
161.000000 1.000000e+02 0.000000e+00 1.000000e+02 0.000000e+00 16 0 0 0 0 0 0 0 0 0 0 0 0 0 0 0 0 0 0 0 0 0 0 0
162.000000 1.000000e+02 0.000000e+00 1.000000e+02 0.000000e+00 16 0 0 0 0 0 0 0 0 0 0 0 0 0 0 0 0 0 0 0 0 0 0 0
163.000000 1.000000e+02 0.000000e+00 1.000000e+02 0.000000e+00 16 0 0 0 0 0 0 0 0 0 0 0 0 0 0 0 0 0 0 0 0 0 0 0
164.000000 1.000000e+02 0.000000e+00 1.000000e+02 0.000000e+00 16 0 0 0 0 0 0 0 0 0 0 0 0 0 0 0 0 0 0 0 0 0 0 0
165.000000 1.000000e+02 0.000000e+00 1.000000e+02 0.000000e+00 16 0 0 0 0 0 0 0 0 0 0 0 0 0 0 0 0 0 0 0 0 0 0 0
166.000000 1.000000e+02 0.000000e+00 1.000000e+02 0.000000e+00 16 0 0 0 0 0 0 0 0 0 0 0 0 0 0 0 0 0 0 0 0 0 0 0
167.000000 1.000000e+02 0.000000e+00 1.000000e+02 0.000000e+00 16 0 0 0 0 0 0 0 0 0 0 0 0 0 0 0 0 0 0 0 0 0 0 0
168.000000 1.000000e+02 0.000000e+00 1.000000e+02 0.000000e+00 16 0 0 0 0 0 0 0 0 0 0 0 0 0 0 0 0 0 0 0 0 0 0 0
169.000000 1.000000e+02 0.000000e+00 1.000000e+02 0.000000e+00 16 0 0 0 0 0 0 0 0 0 0 0 0 0 0 0 0 0 0 0 0 0 0 0
170.000000 1.000000e+02 0.000000e+00 1.000000e+02 0.000000e+00 16 0 0 0 0 0 0 0 0 0 0 0 0 0 0 0 0 0 0 0 0 0 0 0
171.000000 1.000000e+02 0.000000e+00 1.000000e+02 0.000000e+00 16 0 0 0 0 0 0 0 0 0 0 0 0 0 0 0 0 0 0 0 0 0 0 0
172.000000 1.000000e+02 0.000000e+00 1.000000e+02 0.000000e+00 16 0 0 0 0 0 0 0 0 0 0 0 0 0 0 0 0 0 0 0 0 0 0 0
173.000000 1.000000e+02 0.000000e+00 1.000000e+02 0.000000e+00 16 0 0 0 0 0 0 0 0 0 0 0 0 0 0 0 0 0 0 0 0 0 0 0
174.000000 1.000000e+02 0.000000e+00 1.000000e+02 0.000000e+00 16 0 0 0 0 0 0 0 0 0 0 0 0 0 0 0 0 0 0 0 0 0 0 0
175.000000 1.000000e+02 0.000000e+00 1.000000e+02 0.000000e+00 16 0 0 0 0 0 0 0 0 0 0 0 0 0 0 0 0 0 0 0 0 0 0 0
176.000000 1.000000e+02 0.000000e+00 1.000000e+02 0.000000e+00 16 0 0 0 0 0 0 0 0 0 0 0 0 0 0 0 0 0 0 0 0 0 0 0
177.000000 1.000000e+02 0.000000e+00 1.000000e+02 0.000000e+00 16 0 0 0 0 0 0 0 0 0 0 0 0 0 0 0 0 0 0 0 0 0 0 0
178.000000 1.000000e+02 0.000000e+00 1.000000e+02 0.000000e+00 16 0 0 0 0 0 0 0 0 0 0 0 0 0 0 0 0 0 0 0 0 0 0 0
179.000000 1.000000e+02 0.000000e+00 1.000000e+02 0.000000e+00 16 0 0 0 0 0 0 0 0 0 0 0 0 0 0 0 0 0 0 0 0 0 0 0
180.000000 1.000000e+02 0.000000e+00 1.000000e+02 0.000000e+00 16 0 0 0 0 0 0 0 0 0 0 0 0 0 0 0 0 0 0 0 0 0 0 0
181.000000 1.000000e+02 0.000000e+00 1.000000e+02 0.000000e+00 16 0 0 0 0 0 0 0 0 0 0 0 0 0 0 0 0 0 0 0 0 0 0 0
182.000000 1.000000e+02 0.000000e+00 1.000000e+02 0.000000e+00 16 0 0 0 0 0 0 0 0 0 0 0 0 0 0 0 0 0 0 0 0 0 0 0
183.000000 1.000000e+02 0.000000e+00 1.000000e+02 0.000000e+00 16 0 0 0 0 0 0 0 0 0 0 0 0 0 0 0 0 0 0 0 0 0 0 0
184.000000 1.000000e+02 0.000000e+00 1.000000e+02 0.000000e+00 16 0 0 0 0 0 0 0 0 0 0 0 0 0 0 0 0 0 0 0 0 0 0 0
185.000000 1.000000e+02 0.000000e+00 1.000000e+02 0.000000e+00 16 0 0 0 0 0 0 0 0 0 0 0 0 0 0 0 0 0 0 0 0 0 0 0
186.000000 1.000000e+02 0.000000e+00 1.000000e+02 0.000000e+00 16 0 0 0 0 0 0 0 0 0 0 0 0 0 0 0 0 0 0 0 0 0 0 0
187.000000 1.000000e+02 0.000000e+00 1.000000e+02 0.000000e+00 16 0 0 0 0 0 0 0 0 0 0 0 0 0 0 0 0 0 0 0 0 0 0 0
188.000000 1.000000e+02 0.000000e+00 1.000000e+02 0.000000e+00 16 0 0 0 0 0 0 0 0 0 0 0 0 0 0 0 0 0 0 0 0 0 0 0
189.000000 1.000000e+02 0.000000e+00 1.000000e+02 0.000000e+00 16 0 0 0 0 0 0 0 0 0 0 0 0 0 0 0 0 0 0 0 0 0 0 0
190.000000 1.000000e+02 0.000000e+00 1.000000e+02 0.000000e+00 16 0 0 0 0 0 0 0 0 0 0 0 0 0 0 0 0 0 0 0 0 0 0 0
191.000000 1.000000e+02 0.000000e+00 1.000000e+02 0.000000e+00 16 0 0 0 0 0 0 0 0 0 0 0 0 0 0 0 0 0 0 0 0 0 0 0
192.000000 1.000000e+02 0.000000e+00 1.000000e+02 0.000000e+00 16 0 0 0 0 0 0 0 0 0 0 0 0 0 0 0 0 0 0 0 0 0 0 0
193.000000 1.000000e+02 0.000000e+00 1.000000e+02 0.000000e+00 16 0 0 0 0 0 0 0 0 0 0 0 0 0 0 0 0 0 0 0 0 0 0 0
194.000000 1.000000e+02 0.000000e+00 1.000000e+02 0.000000e+00 16 0 0 0 0 0 0 0 0 0 0 0 0 0 0 0 0 0 0 0 0 0 0 0
195.000000 1.000000e+02 0.000000e+00 1.000000e+02 0.000000e+00 16 0 0 0 0 0 0 0 0 0 0 0 0 0 0 0 0 0 0 0 0 0 0 0
196.000000 1.000000e+02 0.000000e+00 1.000000e+02 0.000000e+00 16 0 0 0 0 0 0 0 0 0 0 0 0 0 0 0 0 0 0 0 0 0 0 0
197.000000 1.000000e+02 0.000000e+00 1.000000e+02 0.000000e+00 16 0 0 0 0 0 0 0 0 0 0 0 0 0 0 0 0 0 0 0 0 0 0 0
198.000000 1.000000e+02 0.000000e+00 1.000000e+02 0.000000e+00 16 0 0 0 0 0 0 0 0 0 0 0 0 0 0 0 0 0 0 0 0 0 0 0
199.000000 1.000000e+02 0.000000e+00 1.000000e+02 0.000000e+00 16 0 0 0 0 0 0 0 0 0 0 0 0 0 0 0 0 0 0 0 0 0 0 0
200.000000 1.000000e+02 0.000000e+00 1.000000e+02 0.000000e+00 16 0 0 0 0 0 0 0 0 0 0 0 0 0 0 0 0 0 0 0 0 0 0 0
201.000000 1.000000e+02 0.000000e+00 1.000000e+02 0.000000e+00 16 0 0 0 0 0 0 0 0 0 0 0 0 0 0 0 0 0 0 0 0 0 0 0
202.000000 1.000000e+02 0.000000e+00 1.000000e+02 0.000000e+00 16 0 0 0 0 0 0 0 0 0 0 0 0 0 0 0 0 0 0 0 0 0 0 0
203.000000 1.000000e+02 0.000000e+00 1.000000e+02 0.000000e+00 16 0 0 0 0 0 0 0 0 0 0 0 0 0 0 0 0 0 0 0 0 0 0 0
204.000000 1.000000e+02 0.000000e+00 1.000000e+02 0.000000e+00 16 0 0 0 0 0 0 0 0 0 0 0 0 0 0 0 0 0 0 0 0 0 0 0
205.000000 1.000000e+02 0.000000e+00 1.000000e+02 0.000000e+00 16 0 0 0 0 0 0 0 0 0 0 0 0 0 0 0 0 0 0 0 0 0 0 0
206.000000 1.000000e+02 0.000000e+00 1.000000e+02 0.000000e+00 16 0 0 0 0 0 0 0 0 0 0 0 0 0 0 0 0 0 0 0 0 0 0 0
207.000000 1.000000e+02 0.000000e+00 1.000000e+02 0.000000e+00 16 0 0 0 0 0 0 0 0 0 0 0 0 0 0 0 0 0 0 0 0 0 0 0
208.000000 1.000000e+02 0.000000e+00 1.000000e+02 0.000000e+00 16 0 0 0 0 0 0 0 0 0 0 0 0 0 0 0 0 0 0 0 0 0 0 0
209.000000 1.000000e+02 0.000000e+00 1.000000e+02 0.000000e+00 16 0 0 0 0 0 0 0 0 0 0 0 0 0 0 0 0 0 0 0 0 0 0 0
210.000000 1.000000e+02 0.000000e+00 1.000000e+02 0.000000e+00 16 0 0 0 0 0 0 0 0 0 0 0 0 0 0 0 0 0 0 0 0 0 0 0
211.000000 1.000000e+02 0.000000e+00 1.000000e+02 0.000000e+00 16 0 0 0 0 0 0 0 0 0 0 0 0 0 0 0 0 0 0 0 0 0 0 0
212.000000 1.000000e+02 0.000000e+00 1.000000e+02 0.000000e+00 16 0 0 0 0 0 0 0 0 0 0 0 0 0 0 0 0 0 0 0 0 0 0 0
213.000000 1.000000e+02 0.000000e+00 1.000000e+02 0.000000e+00 16 0 0 0 0 0 0 0 0 0 0 0 0 0 0 0 0 0 0 0 0 0 0 0
214.000000 1.000000e+02 0.000000e+00 1.000000e+02 0.000000e+00 16 0 0 0 0 0 0 0 0 0 0 0 0 0 0 0 0 0 0 0 0 0 0 0
215.000000 1.000000e+02 0.000000e+00 1.000000e+02 0.000000e+00 16 0 0 0 0 0 0 0 0 0 0 0 0 0 0 0 0 0 0 0 0 0 0 0
216.000000 1.000000e+02 0.000000e+00 1.000000e+02 0.000000e+00 16 0 0 0 0 0 0 0 0 0 0 0 0 0 0 0 0 0 0 0 0 0 0 0
217.000000 1.000000e+02 0.000000e+00 1.000000e+02 0.000000e+00 16 0 0 0 0 0 0 0 0 0 0 0 0 0 0 0 0 0 0 0 0 0 0 0
218.000000 1.000000e+02 0.000000e+00 1.000000e+02 0.000000e+00 16 0 0 0 0 0 0 0 0 0 0 0 0 0 0 0 0 0 0 0 0 0 0 0
219.000000 1.000000e+02 0.000000e+00 1.000000e+02 0.000000e+00 16 0 0 0 0 0 0 0 0 0 0 0 0 0 0 0 0 0 0 0 0 0 0 0
220.000000 1.000000e+02 0.000000e+00 1.000000e+02 0.000000e+00 16 0 0 0 0 0 0 0 0 0 0 0 0 0 0 0 0 0 0 0 0 0 0 0
221.000000 1.000000e+02 0.000000e+00 1.000000e+02 0.000000e+00 16 0 0 0 0 0 0 0 0 0 0 0 0 0 0 0 0 0 0 0 0 0 0 0
222.000000 1.000000e+02 0.000000e+00 1.000000e+02 0.000000e+00 16 0 0 0 0 0 0 0 0 0 0 0 0 0 0 0 0 0 0 0 0 0 0 0
223.000000 1.000000e+02 0.000000e+00 1.000000e+02 0.000000e+00 16 0 0 0 0 0 0 0 0 0 0 0 0 0 0 0 0 0 0 0 0 0 0 0
224.000000 1.000000e+02 0.000000e+00 1.000000e+02 0.000000e+00 16 0 0 0 0 0 0 0 0 0 0 0 0 0 0 0 0 0 0 0 0 0 0 0
225.000000 1.000000e+02 0.000000e+00 1.000000e+02 0.000000e+00 16 0 0 0 0 0 0 0 0 0 0 0 0 0 0 0 0 0 0 0 0 0 0 0
226.000000 1.000000e+02 0.000000e+00 1.000000e+02 0.000000e+00 16 0 0 0 0 0 0 0 0 0 0 0 0 0 0 0 0 0 0 0 0 0 0 0
227.000000 1.000000e+02 0.000000e+00 1.000000e+02 0.000000e+00 16 0 0 0 0 0 0 0 0 0 0 0 0 0 0 0 0 0 0 0 0 0 0 0
228.000000 1.000000e+02 0.000000e+00 1.000000e+02 0.000000e+00 16 0 0 0 0 0 0 0 0 0 0 0 0 0 0 0 0 0 0 0 0 0 0 0
229.000000 1.000000e+02 0.000000e+00 1.000000e+02 0.000000e+00 16 0 0 0 0 0 0 0 0 0 0 0 0 0 0 0 0 0 0 0 0 0 0 0
230.000000 1.000000e+02 0.000000e+00 1.000000e+02 0.000000e+00 16 0 0 0 0 0 0 0 0 0 0 0 0 0 0 0 0 0 0 0 0 0 0 0
231.000000 1.000000e+02 0.000000e+00 1.000000e+02 0.000000e+00 16 0 0 0 0 0 0 0 0 0 0 0 0 0 0 0 0 0 0 0 0 0 0 0
232.000000 1.000000e+02 0.000000e+00 1.000000e+02 0.000000e+00 16 0 0 0 0 0 0 0 0 0 0 0 0 0 0 0 0 0 0 0 0 0 0 0
233.000000 1.000000e+02 0.000000e+00 1.000000e+02 0.000000e+00 16 0 0 0 0 0 0 0 0 0 0 0 0 0 0 0 0 0 0 0 0 0 0 0
234.000000 1.000000e+02 0.000000e+00 1.000000e+02 0.000000e+00 16 0 0 0 0 0 0 0 0 0 0 0 0 0 0 0 0 0 0 0 0 0 0 0
235.000000 1.000000e+02 0.000000e+00 1.000000e+02 0.000000e+00 16 0 0 0 0 0 0 0 0 0 0 0 0 0 0 0 0 0 0 0 0 0 0 0
236.000000 1.000000e+02 0.000000e+00 1.000000e+02 0.000000e+00 16 0 0 0 0 0 0 0 0 0 0 0 0 0 0 0 0 0 0 0 0 0 0 0
237.000000 1.000000e+02 0.000000e+00 1.000000e+02 0.000000e+00 16 0 0 0 0 0 0 0 0 0 0 0 0 0 0 0 0 0 0 0 0 0 0 0
238.000000 1.000000e+02 0.000000e+00 1.000000e+02 0.000000e+00 16 0 0 0 0 0 0 0 0 0 0 0 0 0 0 0 0 0 0 0 0 0 0 0
239.000000 1.000000e+02 0.000000e+00 1.000000e+02 0.000000e+00 16 0 0 0 0 0 0 0 0 0 0 0 0 0 0 0 0 0 0 0 0 0 0 0
240.000000 1.000000e+02 0.000000e+00 1.000000e+02 0.000000e+00 16 0 0 0 0 0 0 0 0 0 0 0 0 0 0 0 0 0 0 0 0 0 0 0
241.000000 1.000000e+02 0.000000e+00 1.000000e+02 0.000000e+00 16 0 0 0 0 0 0 0 0 0 0 0 0 0 0 0 0 0 0 0 0 0 0 0
242.000000 1.000000e+02 0.000000e+00 1.000000e+02 0.000000e+00 16 0 0 0 0 0 0 0 0 0 0 0 0 0 0 0 0 0 0 0 0 0 0 0
243.000000 1.000000e+02 0.000000e+00 1.000000e+02 0.000000e+00 16 0 0 0 0 0 0 0 0 0 0 0 0 0 0 0 0 0 0 0 0 0 0 0
244.000000 1.000000e+02 0.000000e+00 1.000000e+02 0.000000e+00 16 0 0 0 0 0 0 0 0 0 0 0 0 0 0 0 0 0 0 0 0 0 0 0
245.000000 1.000000e+02 0.000000e+00 1.000000e+02 0.000000e+00 16 0 0 0 0 0 0 0 0 0 0 0 0 0 0 0 0 0 0 0 0 0 0 0
246.000000 1.000000e+02 0.000000e+00 1.000000e+02 0.000000e+00 16 0 0 0 0 0 0 0 0 0 0 0 0 0 0 0 0 0 0 0 0 0 0 0
247.000000 1.000000e+02 0.000000e+00 1.000000e+02 0.000000e+00 16 0 0 0 0 0 0 0 0 0 0 0 0 0 0 0 0 0 0 0 0 0 0 0
248.000000 1.000000e+02 0.000000e+00 1.000000e+02 0.000000e+00 16 0 0 0 0 0 0 0 0 0 0 0 0 0 0 0 0 0 0 0 0 0 0 0
249.000000 1.000000e+02 0.000000e+00 1.000000e+02 0.000000e+00 16 0 0 0 0 0 0 0 0 0 0 0 0 0 0 0 0 0 0 0 0 0 0 0
250.000000 1.000000e+02 0.000000e+00 1.000000e+02 0.000000e+00 16 0 0 0 0 0 0 0 0 0 0 0 0 0 0 0 0 0 0 0 0 0 0 0
251.000000 1.000000e+02 0.000000e+00 1.000000e+02 0.000000e+00 16 0 0 0 0 0 0 0 0 0 0 0 0 0 0 0 0 0 0 0 0 0 0 0
252.000000 1.000000e+02 0.000000e+00 1.000000e+02 0.000000e+00 16 0 0 0 0 0 0 0 0 0 0 0 0 0 0 0 0 0 0 0 0 0 0 0
253.000000 1.000000e+02 0.000000e+00 1.000000e+02 0.000000e+00 16 0 0 0 0 0 0 0 0 0 0 0 0 0 0 0 0 0 0 0 0 0 0 0
254.000000 1.000000e+02 0.000000e+00 1.000000e+02 0.000000e+00 16 0 0 0 0 0 0 0 0 0 0 0 0 0 0 0 0 0 0 0 0 0 0 0
255.000000 1.000000e+02 0.000000e+00 1.000000e+02 0.000000e+00 16 0 0 0 0 0 0 0 0 0 0 0 0 0 0 0 0 0 0 0 0 0 0 0
256.000000 1.000000e+02 0.000000e+00 1.000000e+02 0.000000e+00 16 0 0 0 0 0 0 0 0 0 0 0 0 0 0 0 0 0 0 0 0 0 0 0
257.000000 1.000000e+02 0.000000e+00 1.000000e+02 0.000000e+00 16 0 0 0 0 0 0 0 0 0 0 0 0 0 0 0 0 0 0 0 0 0 0 0
258.000000 1.000000e+02 0.000000e+00 1.000000e+02 0.000000e+00 16 0 0 0 0 0 0 0 0 0 0 0 0 0 0 0 0 0 0 0 0 0 0 0
259.000000 1.000000e+02 0.000000e+00 1.000000e+02 0.000000e+00 16 0 0 0 0 0 0 0 0 0 0 0 0 0 0 0 0 0 0 0 0 0 0 0
260.000000 1.000000e+02 0.000000e+00 1.000000e+02 0.000000e+00 16 0 0 0 0 0 0 0 0 0 0 0 0 0 0 0 0 0 0 0 0 0 0 0
261.000000 1.000000e+02 0.000000e+00 1.000000e+02 0.000000e+00 16 0 0 0 0 0 0 0 0 0 0 0 0 0 0 0 0 0 0 0 0 0 0 0
262.000000 1.000000e+02 0.000000e+00 1.000000e+02 0.000000e+00 16 0 0 0 0 0 0 0 0 0 0 0 0 0 0 0 0 0 0 0 0 0 0 0
263.000000 1.000000e+02 0.000000e+00 1.000000e+02 0.000000e+00 16 0 0 0 0 0 0 0 0 0 0 0 0 0 0 0 0 0 0 0 0 0 0 0
264.000000 1.000000e+02 0.000000e+00 1.000000e+02 0.000000e+00 16 0 0 0 0 0 0 0 0 0 0 0 0 0 0 0 0 0 0 0 0 0 0 0
265.000000 1.000000e+02 0.000000e+00 1.000000e+02 0.000000e+00 16 0 0 0 0 0 0 0 0 0 0 0 0 0 0 0 0 0 0 0 0 0 0 0
266.000000 1.000000e+02 0.000000e+00 1.000000e+02 0.000000e+00 16 0 0 0 0 0 0 0 0 0 0 0 0 0 0 0 0 0 0 0 0 0 0 0
267.000000 1.000000e+02 0.000000e+00 1.000000e+02 0.000000e+00 16 0 0 0 0 0 0 0 0 0 0 0 0 0 0 0 0 0 0 0 0 0 0 0
268.000000 1.000000e+02 0.000000e+00 1.000000e+02 0.000000e+00 16 0 0 0 0 0 0 0 0 0 0 0 0 0 0 0 0 0 0 0 0 0 0 0
269.000000 1.000000e+02 0.000000e+00 1.000000e+02 0.000000e+00 16 0 0 0 0 0 0 0 0 0 0 0 0 0 0 0 0 0 0 0 0 0 0 0
270.000000 1.000000e+02 0.000000e+00 1.000000e+02 0.000000e+00 16 0 0 0 0 0 0 0 0 0 0 0 0 0 0 0 0 0 0 0 0 0 0 0
271.000000 1.000000e+02 0.000000e+00 1.000000e+02 0.000000e+00 16 0 0 0 0 0 0 0 0 0 0 0 0 0 0 0 0 0 0 0 0 0 0 0
272.000000 1.000000e+02 0.000000e+00 1.000000e+02 0.000000e+00 16 0 0 0 0 0 0 0 0 0 0 0 0 0 0 0 0 0 0 0 0 0 0 0
273.000000 1.000000e+02 0.000000e+00 1.000000e+02 0.000000e+00 16 0 0 0 0 0 0 0 0 0 0 0 0 0 0 0 0 0 0 0 0 0 0 0
274.000000 1.000000e+02 0.000000e+00 1.000000e+02 0.000000e+00 16 0 0 0 0 0 0 0 0 0 0 0 0 0 0 0 0 0 0 0 0 0 0 0
275.000000 1.000000e+02 0.000000e+00 1.000000e+02 0.000000e+00 16 0 0 0 0 0 0 0 0 0 0 0 0 0 0 0 0 0 0 0 0 0 0 0
276.000000 1.000000e+02 0.000000e+00 1.000000e+02 0.000000e+00 16 0 0 0 0 0 0 0 0 0 0 0 0 0 0 0 0 0 0 0 0 0 0 0
277.000000 1.000000e+02 0.000000e+00 1.000000e+02 0.000000e+00 16 0 0 0 0 0 0 0 0 0 0 0 0 0 0 0 0 0 0 0 0 0 0 0
278.000000 1.000000e+02 0.000000e+00 1.000000e+02 0.000000e+00 16 0 0 0 0 0 0 0 0 0 0 0 0 0 0 0 0 0 0 0 0 0 0 0
279.000000 1.000000e+02 0.000000e+00 1.000000e+02 0.000000e+00 16 0 0 0 0 0 0 0 0 0 0 0 0 0 0 0 0 0 0 0 0 0 0 0
280.000000 1.000000e+02 0.000000e+00 1.000000e+02 0.000000e+00 16 0 0 0 0 0 0 0 0 0 0 0 0 0 0 0 0 0 0 0 0 0 0 0
281.000000 1.000000e+02 0.000000e+00 1.000000e+02 0.000000e+00 16 0 0 0 0 0 0 0 0 0 0 0 0 0 0 0 0 0 0 0 0 0 0 0
282.000000 1.000000e+02 0.000000e+00 1.000000e+02 0.000000e+00 16 0 0 0 0 0 0 0 0 0 0 0 0 0 0 0 0 0 0 0 0 0 0 0
283.000000 1.000000e+02 0.000000e+00 1.000000e+02 0.000000e+00 16 0 0 0 0 0 0 0 0 0 0 0 0 0 0 0 0 0 0 0 0 0 0 0
284.000000 1.000000e+02 0.000000e+00 1.000000e+02 0.000000e+00 16 0 0 0 0 0 0 0 0 0 0 0 0 0 0 0 0 0 0 0 0 0 0 0
285.000000 1.000000e+02 0.000000e+00 1.000000e+02 0.000000e+00 16 0 0 0 0 0 0 0 0 0 0 0 0 0 0 0 0 0 0 0 0 0 0 0
286.000000 1.000000e+02 0.000000e+00 1.000000e+02 0.000000e+00 16 0 0 0 0 0 0 0 0 0 0 0 0 0 0 0 0 0 0 0 0 0 0 0
287.000000 1.000000e+02 0.000000e+00 1.000000e+02 0.000000e+00 16 0 0 0 0 0 0 0 0 0 0 0 0 0 0 0 0 0 0 0 0 0 0 0
288.000000 1.000000e+02 0.000000e+00 1.000000e+02 0.000000e+00 16 0 0 0 0 0 0 0 0 0 0 0 0 0 0 0 0 0 0 0 0 0 0 0
289.000000 1.000000e+02 0.000000e+00 1.000000e+02 0.000000e+00 16 0 0 0 0 0 0 0 0 0 0 0 0 0 0 0 0 0 0 0 0 0 0 0
290.000000 1.000000e+02 0.000000e+00 1.000000e+02 0.000000e+00 16 0 0 0 0 0 0 0 0 0 0 0 0 0 0 0 0 0 0 0 0 0 0 0
291.000000 1.000000e+02 0.000000e+00 1.000000e+02 0.000000e+00 16 0 0 0 0 0 0 0 0 0 0 0 0 0 0 0 0 0 0 0 0 0 0 0
292.000000 1.000000e+02 0.000000e+00 1.000000e+02 0.000000e+00 16 0 0 0 0 0 0 0 0 0 0 0 0 0 0 0 0 0 0 0 0 0 0 0
293.000000 1.000000e+02 0.000000e+00 1.000000e+02 0.000000e+00 16 0 0 0 0 0 0 0 0 0 0 0 0 0 0 0 0 0 0 0 0 0 0 0
294.000000 1.000000e+02 0.000000e+00 1.000000e+02 0.000000e+00 16 0 0 0 0 0 0 0 0 0 0 0 0 0 0 0 0 0 0 0 0 0 0 0
295.000000 1.000000e+02 0.000000e+00 1.000000e+02 0.000000e+00 16 0 0 0 0 0 0 0 0 0 0 0 0 0 0 0 0 0 0 0 0 0 0 0
296.000000 1.000000e+02 0.000000e+00 1.000000e+02 0.000000e+00 16 0 0 0 0 0 0 0 0 0 0 0 0 0 0 0 0 0 0 0 0 0 0 0
297.000000 1.000000e+02 0.000000e+00 1.000000e+02 0.000000e+00 16 0 0 0 0 0 0 0 0 0 0 0 0 0 0 0 0 0 0 0 0 0 0 0
298.000000 1.000000e+02 0.000000e+00 1.000000e+02 0.000000e+00 16 0 0 0 0 0 0 0 0 0 0 0 0 0 0 0 0 0 0 0 0 0 0 0
299.000000 1.000000e+02 0.000000e+00 1.000000e+02 0.000000e+00 16 0 0 0 0 0 0 0 0 0 0 0 0 0 0 0 0 0 0 0 0 0 0 0
300.000000 1.000000e+02 0.000000e+00 1.000000e+02 0.000000e+00 16 0 0 0 0 0 0 0 0 0 0 0 0 0 0 0 0 0 0 0 0 0 0 0
301.000000 1.000000e+02 0.000000e+00 1.000000e+02 0.000000e+00 16 0 0 0 0 0 0 0 0 0 0 0 0 0 0 0 0 0 0 0 0 0 0 0
302.000000 1.000000e+02 0.000000e+00 1.000000e+02 0.000000e+00 16 0 0 0 0 0 0 0 0 0 0 0 0 0 0 0 0 0 0 0 0 0 0 0
303.000000 1.000000e+02 0.000000e+00 1.000000e+02 0.000000e+00 16 0 0 0 0 0 0 0 0 0 0 0 0 0 0 0 0 0 0 0 0 0 0 0
304.000000 1.000000e+02 0.000000e+00 1.000000e+02 0.000000e+00 16 0 0 0 0 0 0 0 0 0 0 0 0 0 0 0 0 0 0 0 0 0 0 0
305.000000 1.000000e+02 0.000000e+00 1.000000e+02 0.000000e+00 16 0 0 0 0 0 0 0 0 0 0 0 0 0 0 0 0 0 0 0 0 0 0 0
306.000000 1.000000e+02 0.000000e+00 1.000000e+02 0.000000e+00 16 0 0 0 0 0 0 0 0 0 0 0 0 0 0 0 0 0 0 0 0 0 0 0
307.000000 1.000000e+02 0.000000e+00 1.000000e+02 0.000000e+00 16 0 0 0 0 0 0 0 0 0 0 0 0 0 0 0 0 0 0 0 0 0 0 0
308.000000 1.000000e+02 0.000000e+00 1.000000e+02 0.000000e+00 16 0 0 0 0 0 0 0 0 0 0 0 0 0 0 0 0 0 0 0 0 0 0 0
309.000000 1.000000e+02 0.000000e+00 1.000000e+02 0.000000e+00 16 0 0 0 0 0 0 0 0 0 0 0 0 0 0 0 0 0 0 0 0 0 0 0
310.000000 1.000000e+02 0.000000e+00 1.000000e+02 0.000000e+00 16 0 0 0 0 0 0 0 0 0 0 0 0 0 0 0 0 0 0 0 0 0 0 0
311.000000 1.000000e+02 0.000000e+00 1.000000e+02 0.000000e+00 16 0 0 0 0 0 0 0 0 0 0 0 0 0 0 0 0 0 0 0 0 0 0 0
312.000000 1.000000e+02 0.000000e+00 1.000000e+02 0.000000e+00 16 0 0 0 0 0 0 0 0 0 0 0 0 0 0 0 0 0 0 0 0 0 0 0
313.000000 1.000000e+02 0.000000e+00 1.000000e+02 0.000000e+00 16 0 0 0 0 0 0 0 0 0 0 0 0 0 0 0 0 0 0 0 0 0 0 0
314.000000 1.000000e+02 0.000000e+00 1.000000e+02 0.000000e+00 16 0 0 0 0 0 0 0 0 0 0 0 0 0 0 0 0 0 0 0 0 0 0 0
315.000000 1.000000e+02 0.000000e+00 1.000000e+02 0.000000e+00 16 0 0 0 0 0 0 0 0 0 0 0 0 0 0 0 0 0 0 0 0 0 0 0
316.000000 1.000000e+02 0.000000e+00 1.000000e+02 0.000000e+00 16 0 0 0 0 0 0 0 0 0 0 0 0 0 0 0 0 0 0 0 0 0 0 0
317.000000 1.000000e+02 0.000000e+00 1.000000e+02 0.000000e+00 16 0 0 0 0 0 0 0 0 0 0 0 0 0 0 0 0 0 0 0 0 0 0 0
318.000000 1.000000e+02 0.000000e+00 1.000000e+02 0.000000e+00 16 0 0 0 0 0 0 0 0 0 0 0 0 0 0 0 0 0 0 0 0 0 0 0
319.000000 1.000000e+02 0.000000e+00 1.000000e+02 0.000000e+00 16 0 0 0 0 0 0 0 0 0 0 0 0 0 0 0 0 0 0 0 0 0 0 0
320.000000 1.000000e+02 0.000000e+00 1.000000e+02 0.000000e+00 16 0 0 0 0 0 0 0 0 0 0 0 0 0 0 0 0 0 0 0 0 0 0 0
321.000000 1.000000e+02 0.000000e+00 1.000000e+02 0.000000e+00 16 0 0 0 0 0 0 0 0 0 0 0 0 0 0 0 0 0 0 0 0 0 0 0
322.000000 1.000000e+02 0.000000e+00 1.000000e+02 0.000000e+00 16 0 0 0 0 0 0 0 0 0 0 0 0 0 0 0 0 0 0 0 0 0 0 0
323.000000 1.000000e+02 0.000000e+00 1.000000e+02 0.000000e+00 16 0 0 0 0 0 0 0 0 0 0 0 0 0 0 0 0 0 0 0 0 0 0 0
324.000000 1.000000e+02 0.000000e+00 1.000000e+02 0.000000e+00 16 0 0 0 0 0 0 0 0 0 0 0 0 0 0 0 0 0 0 0 0 0 0 0
325.000000 1.000000e+02 0.000000e+00 1.000000e+02 0.000000e+00 16 0 0 0 0 0 0 0 0 0 0 0 0 0 0 0 0 0 0 0 0 0 0 0
326.000000 1.000000e+02 0.000000e+00 1.000000e+02 0.000000e+00 16 0 0 0 0 0 0 0 0 0 0 0 0 0 0 0 0 0 0 0 0 0 0 0
327.000000 1.000000e+02 0.000000e+00 1.000000e+02 0.000000e+00 16 0 0 0 0 0 0 0 0 0 0 0 0 0 0 0 0 0 0 0 0 0 0 0
328.000000 1.000000e+02 0.000000e+00 1.000000e+02 0.000000e+00 16 0 0 0 0 0 0 0 0 0 0 0 0 0 0 0 0 0 0 0 0 0 0 0
329.000000 1.000000e+02 0.000000e+00 1.000000e+02 0.000000e+00 16 0 0 0 0 0 0 0 0 0 0 0 0 0 0 0 0 0 0 0 0 0 0 0
330.000000 1.000000e+02 0.000000e+00 1.000000e+02 0.000000e+00 16 0 0 0 0 0 0 0 0 0 0 0 0 0 0 0 0 0 0 0 0 0 0 0
331.000000 1.000000e+02 0.000000e+00 1.000000e+02 0.000000e+00 16 0 0 0 0 0 0 0 0 0 0 0 0 0 0 0 0 0 0 0 0 0 0 0
332.000000 1.000000e+02 0.000000e+00 1.000000e+02 0.000000e+00 16 0 0 0 0 0 0 0 0 0 0 0 0 0 0 0 0 0 0 0 0 0 0 0
333.000000 1.000000e+02 0.000000e+00 1.000000e+02 0.000000e+00 16 0 0 0 0 0 0 0 0 0 0 0 0 0 0 0 0 0 0 0 0 0 0 0
334.000000 1.000000e+02 0.000000e+00 1.000000e+02 0.000000e+00 16 0 0 0 0 0 0 0 0 0 0 0 0 0 0 0 0 0 0 0 0 0 0 0
335.000000 1.000000e+02 0.000000e+00 1.000000e+02 0.000000e+00 16 0 0 0 0 0 0 0 0 0 0 0 0 0 0 0 0 0 0 0 0 0 0 0
336.000000 1.000000e+02 0.000000e+00 1.000000e+02 0.000000e+00 16 0 0 0 0 0 0 0 0 0 0 0 0 0 0 0 0 0 0 0 0 0 0 0
337.000000 1.000000e+02 0.000000e+00 1.000000e+02 0.000000e+00 16 0 0 0 0 0 0 0 0 0 0 0 0 0 0 0 0 0 0 0 0 0 0 0
338.000000 1.000000e+02 0.000000e+00 1.000000e+02 0.000000e+00 16 0 0 0 0 0 0 0 0 0 0 0 0 0 0 0 0 0 0 0 0 0 0 0
339.000000 1.000000e+02 0.000000e+00 1.000000e+02 0.000000e+00 16 0 0 0 0 0 0 0 0 0 0 0 0 0 0 0 0 0 0 0 0 0 0 0
340.000000 1.000000e+02 0.000000e+00 1.000000e+02 0.000000e+00 16 0 0 0 0 0 0 0 0 0 0 0 0 0 0 0 0 0 0 0 0 0 0 0
341.000000 1.000000e+02 0.000000e+00 1.000000e+02 0.000000e+00 16 0 0 0 0 0 0 0 0 0 0 0 0 0 0 0 0 0 0 0 0 0 0 0
342.000000 1.000000e+02 0.000000e+00 1.000000e+02 0.000000e+00 16 0 0 0 0 0 0 0 0 0 0 0 0 0 0 0 0 0 0 0 0 0 0 0
343.000000 1.000000e+02 0.000000e+00 1.000000e+02 0.000000e+00 16 0 0 0 0 0 0 0 0 0 0 0 0 0 0 0 0 0 0 0 0 0 0 0
344.000000 1.000000e+02 0.000000e+00 1.000000e+02 0.000000e+00 16 0 0 0 0 0 0 0 0 0 0 0 0 0 0 0 0 0 0 0 0 0 0 0
345.000000 1.000000e+02 0.000000e+00 1.000000e+02 0.000000e+00 16 0 0 0 0 0 0 0 0 0 0 0 0 0 0 0 0 0 0 0 0 0 0 0
346.000000 1.000000e+02 0.000000e+00 1.000000e+02 0.000000e+00 16 0 0 0 0 0 0 0 0 0 0 0 0 0 0 0 0 0 0 0 0 0 0 0
347.000000 1.000000e+02 0.000000e+00 1.000000e+02 0.000000e+00 16 0 0 0 0 0 0 0 0 0 0 0 0 0 0 0 0 0 0 0 0 0 0 0
348.000000 1.000000e+02 0.000000e+00 1.000000e+02 0.000000e+00 16 0 0 0 0 0 0 0 0 0 0 0 0 0 0 0 0 0 0 0 0 0 0 0
349.000000 1.000000e+02 0.000000e+00 1.000000e+02 0.000000e+00 16 0 0 0 0 0 0 0 0 0 0 0 0 0 0 0 0 0 0 0 0 0 0 0
350.000000 1.000000e+02 0.000000e+00 1.000000e+02 0.000000e+00 16 0 0 0 0 0 0 0 0 0 0 0 0 0 0 0 0 0 0 0 0 0 0 0
351.000000 1.000000e+02 0.000000e+00 1.000000e+02 0.000000e+00 16 0 0 0 0 0 0 0 0 0 0 0 0 0 0 0 0 0 0 0 0 0 0 0
352.000000 1.000000e+02 0.000000e+00 1.000000e+02 0.000000e+00 16 0 0 0 0 0 0 0 0 0 0 0 0 0 0 0 0 0 0 0 0 0 0 0
353.000000 1.000000e+02 0.000000e+00 1.000000e+02 0.000000e+00 16 0 0 0 0 0 0 0 0 0 0 0 0 0 0 0 0 0 0 0 0 0 0 0
354.000000 1.000000e+02 0.000000e+00 1.000000e+02 0.000000e+00 16 0 0 0 0 0 0 0 0 0 0 0 0 0 0 0 0 0 0 0 0 0 0 0
355.000000 1.000000e+02 0.000000e+00 1.000000e+02 0.000000e+00 16 0 0 0 0 0 0 0 0 0 0 0 0 0 0 0 0 0 0 0 0 0 0 0
356.000000 1.000000e+02 0.000000e+00 1.000000e+02 0.000000e+00 16 0 0 0 0 0 0 0 0 0 0 0 0 0 0 0 0 0 0 0 0 0 0 0
357.000000 1.000000e+02 0.000000e+00 1.000000e+02 0.000000e+00 16 0 0 0 0 0 0 0 0 0 0 0 0 0 0 0 0 0 0 0 0 0 0 0
358.000000 1.000000e+02 0.000000e+00 1.000000e+02 0.000000e+00 16 0 0 0 0 0 0 0 0 0 0 0 0 0 0 0 0 0 0 0 0 0 0 0
359.000000 1.000000e+02 0.000000e+00 1.000000e+02 0.000000e+00 16 0 0 0 0 0 0 0 0 0 0 0 0 0 0 0 0 0 0 0 0 0 0 0
360.000000 1.000000e+02 0.000000e+00 1.000000e+02 0.000000e+00 16 0 0 0 0 0 0 0 0 0 0 0 0 0 0 0 0 0 0 0 0 0 0 0
361.000000 1.000000e+02 0.000000e+00 1.000000e+02 0.000000e+00 16 0 0 0 0 0 0 0 0 0 0 0 0 0 0 0 0 0 0 0 0 0 0 0
362.000000 1.000000e+02 0.000000e+00 1.000000e+02 0.000000e+00 16 0 0 0 0 0 0 0 0 0 0 0 0 0 0 0 0 0 0 0 0 0 0 0
363.000000 1.000000e+02 0.000000e+00 1.000000e+02 0.000000e+00 16 0 0 0 0 0 0 0 0 0 0 0 0 0 0 0 0 0 0 0 0 0 0 0
364.000000 1.000000e+02 0.000000e+00 1.000000e+02 0.000000e+00 16 0 0 0 0 0 0 0 0 0 0 0 0 0 0 0 0 0 0 0 0 0 0 0
365.000000 1.000000e+02 0.000000e+00 1.000000e+02 0.000000e+00 16 0 0 0 0 0 0 0 0 0 0 0 0 0 0 0 0 0 0 0 0 0 0 0
366.000000 1.000000e+02 0.000000e+00 1.000000e+02 0.000000e+00 16 0 0 0 0 0 0 0 0 0 0 0 0 0 0 0 0 0 0 0 0 0 0 0
367.000000 1.000000e+02 0.000000e+00 1.000000e+02 0.000000e+00 16 0 0 0 0 0 0 0 0 0 0 0 0 0 0 0 0 0 0 0 0 0 0 0
368.000000 1.000000e+02 0.000000e+00 1.000000e+02 0.000000e+00 16 0 0 0 0 0 0 0 0 0 0 0 0 0 0 0 0 0 0 0 0 0 0 0
369.000000 1.000000e+02 0.000000e+00 1.000000e+02 0.000000e+00 16 0 0 0 0 0 0 0 0 0 0 0 0 0 0 0 0 0 0 0 0 0 0 0
370.000000 1.000000e+02 0.000000e+00 1.000000e+02 0.000000e+00 16 0 0 0 0 0 0 0 0 0 0 0 0 0 0 0 0 0 0 0 0 0 0 0
371.000000 1.000000e+02 0.000000e+00 1.000000e+02 0.000000e+00 16 0 0 0 0 0 0 0 0 0 0 0 0 0 0 0 0 0 0 0 0 0 0 0
372.000000 1.000000e+02 0.000000e+00 1.000000e+02 0.000000e+00 16 0 0 0 0 0 0 0 0 0 0 0 0 0 0 0 0 0 0 0 0 0 0 0
373.000000 1.000000e+02 0.000000e+00 1.000000e+02 0.000000e+00 16 0 0 0 0 0 0 0 0 0 0 0 0 0 0 0 0 0 0 0 0 0 0 0
374.000000 1.000000e+02 0.000000e+00 1.000000e+02 0.000000e+00 16 0 0 0 0 0 0 0 0 0 0 0 0 0 0 0 0 0 0 0 0 0 0 0
375.000000 1.000000e+02 0.000000e+00 1.000000e+02 0.000000e+00 16 1 0 0 0 1 0 0 0 0 0 0 0 0 0 1 0 0 0 0 0 0 0 0
376.000000 1.000000e+02 0.000000e+00 1.000000e+02 0.000000e+00 16 1 0 0 0 1 0 0 0 0 0 0 0 0 0 1 0 0 0 0 0 0 0 0
377.000000 1.000000e+02 0.000000e+00 1.000000e+02 0.000000e+00 16 1 0 0 0 1 0 0 0 0 0 0 0 0 0 1 0 0 0 0 0 0 0 0
378.000000 1.000000e+02 0.000000e+00 1.000000e+02 0.000000e+00 16 1 0 0 0 1 0 0 0 0 0 0 0 0 0 1 0 0 0 0 0 0 0 0
379.000000 1.000000e+02 0.000000e+00 1.000000e+02 0.000000e+00 16 1 0 0 0 1 0 0 0 0 0 0 0 0 0 1 0 0 0 0 0 0 0 0
380.000000 1.000000e+02 0.000000e+00 1.000000e+02 0.000000e+00 16 1 0 0 0 1 0 0 0 0 0 0 0 0 0 1 0 0 0 0 0 0 0 0
381.000000 1.000000e+02 0.000000e+00 1.000000e+02 0.000000e+00 16 1 0 0 0 1 0 0 0 0 0 0 0 0 0 1 0 0 0 0 0 0 0 0
382.000000 1.000000e+02 0.000000e+00 1.000000e+02 0.000000e+00 16 1 0 0 0 1 0 0 0 0 0 0 0 0 0 1 0 0 0 0 0 0 0 0
383.000000 1.000000e+02 0.000000e+00 1.000000e+02 0.000000e+00 16 1 0 0 0 1 0 0 0 0 0 0 0 0 0 1 0 0 0 0 0 0 0 0
384.000000 1.000000e+02 0.000000e+00 1.000000e+02 0.000000e+00 16 1 0 0 0 1 0 0 0 0 0 0 0 0 0 1 0 0 0 0 0 0 0 0
385.000000 1.000000e+02 0.000000e+00 1.000000e+02 0.000000e+00 16 1 0 0 0 1 0 0 0 0 0 0 0 0 0 1 0 0 0 0 0 0 0 0
386.000000 1.000000e+02 0.000000e+00 1.000000e+02 0.000000e+00 16 1 0 0 0 1 0 0 0 0 0 0 0 0 0 1 0 0 0 0 0 0 0 0
387.000000 1.000000e+02 0.000000e+00 1.000000e+02 0.000000e+00 16 1 0 0 0 1 0 0 0 0 0 0 0 0 0 1 0 0 0 0 0 0 0 0
388.000000 1.000000e+02 0.000000e+00 1.000000e+02 0.000000e+00 16 1 0 0 0 1 0 0 0 0 0 0 0 0 0 1 0 0 0 0 0 0 0 0
389.000000 1.000000e+02 0.000000e+00 1.000000e+02 0.000000e+00 16 1 0 0 0 1 0 0 0 0 0 0 0 0 0 1 0 0 0 0 0 0 0 0
390.000000 1.000000e+02 0.000000e+00 1.000000e+02 0.000000e+00 16 1 0 0 0 1 0 0 0 0 0 0 0 0 0 1 0 0 0 0 0 0 0 0
391.000000 1.000000e+02 0.000000e+00 1.000000e+02 0.000000e+00 16 1 0 0 0 1 0 0 0 0 0 0 0 0 0 1 0 0 0 0 0 0 0 0
392.000000 1.000000e+02 0.000000e+00 1.000000e+02 0.000000e+00 16 1 0 0 0 1 0 0 0 0 0 0 0 0 0 1 0 0 0 0 0 0 0 0
393.000000 1.000000e+02 0.000000e+00 1.000000e+02 0.000000e+00 16 1 0 0 0 1 0 0 0 0 0 0 0 0 0 1 0 0 0 0 0 0 0 0
394.000000 1.000000e+02 0.000000e+00 1.000000e+02 0.000000e+00 16 1 0 0 0 1 0 0 0 0 0 0 0 0 0 1 0 0 0 0 0 0 0 0
395.000000 1.000000e+02 0.000000e+00 1.000000e+02 0.000000e+00 16 3 0 0 0 3 0 0 0 0 0 0 0 0 0 1 0 0 0 1 0 0 0 1
396.000000 1.000000e+02 0.000000e+00 1.000000e+02 0.000000e+00 16 3 0 0 0 3 0 0 0 0 0 0 0 0 0 1 0 0 0 1 0 0 0 1
397.000000 1.000000e+02 0.000000e+00 1.000000e+02 0.000000e+00 16 3 0 0 0 3 0 0 0 0 0 0 0 0 0 1 0 0 0 1 0 0 0 1
398.000000 1.000000e+02 0.000000e+00 1.000000e+02 0.000000e+00 16 4 0 0 0 4 0 0 1 0 0 0 0 0 0 1 0 0 0 1 0 0 0 1
399.000000 1.000000e+02 0.000000e+00 1.000000e+02 0.000000e+00 16 4 0 0 0 4 0 0 1 0 0 0 0 0 0 1 0 0 0 1 0 0 0 1
400.000000 1.000000e+02 0.000000e+00 1.000000e+02 0.000000e+00 16 4 0 0 0 4 0 0 1 0 0 0 0 0 0 1 0 0 0 1 0 0 0 1
401.000000 1.000000e+02 0.000000e+00 1.000000e+02 0.000000e+00 16 5 0 0 0 5 0 0 1 0 0 0 0 0 0 1 0 0 1 1 0 0 0 1
402.000000 1.000000e+02 0.000000e+00 1.000000e+02 0.000000e+00 16 6 0 0 0 6 0 0 1 1 0 0 0 0 0 1 0 0 1 1 0 0 0 1
403.000000 1.000000e+02 0.000000e+00 1.000000e+02 0.000000e+00 16 6 0 0 0 6 0 0 1 1 0 0 0 0 0 1 0 0 1 1 0 0 0 1
404.000000 1.000000e+02 0.000000e+00 1.000000e+02 0.000000e+00 16 6 0 0 0 6 0 0 1 1 0 0 0 0 0 1 0 0 1 1 0 0 0 1
405.000000 1.000000e+02 0.000000e+00 1.000000e+02 0.000000e+00 16 6 0 0 0 6 0 0 1 1 0 0 0 0 0 1 0 0 1 1 0 0 0 1
406.000000 1.000000e+02 0.000000e+00 1.000000e+02 0.000000e+00 16 6 0 0 0 6 0 0 1 1 0 0 0 0 0 1 0 0 1 1 0 0 0 1
407.000000 1.000000e+02 0.000000e+00 1.000000e+02 0.000000e+00 16 6 0 0 0 6 0 0 1 1 0 0 0 0 0 1 0 0 1 1 0 0 0 1
408.000000 1.000000e+02 0.000000e+00 1.000000e+02 0.000000e+00 16 6 0 0 0 6 0 0 1 1 0 0 0 0 0 1 0 0 1 1 0 0 0 1
409.000000 1.000000e+02 0.000000e+00 1.000000e+02 0.000000e+00 16 6 0 0 0 6 0 0 1 1 0 0 0 0 0 1 0 0 1 1 0 0 0 1
410.000000 1.000000e+02 0.000000e+00 1.000000e+02 0.000000e+00 16 6 0 0 0 6 0 0 1 1 0 0 0 0 0 1 0 0 1 1 0 0 0 1
411.000000 1.000000e+02 0.000000e+00 1.000000e+02 0.000000e+00 16 6 0 0 0 6 0 0 1 1 0 0 0 0 0 1 0 0 1 1 0 0 0 1
412.000000 1.000000e+02 0.000000e+00 1.000000e+02 0.000000e+00 16 6 0 0 0 6 0 0 1 1 0 0 0 0 0 1 0 0 1 1 0 0 0 1
413.000000 1.000000e+02 0.000000e+00 1.000000e+02 0.000000e+00 16 6 0 0 0 6 0 0 1 1 0 0 0 0 0 1 0 0 1 1 0 0 0 1
414.000000 1.000000e+02 0.000000e+00 1.000000e+02 0.000000e+00 16 6 0 0 0 6 0 0 1 1 0 0 0 0 0 1 0 0 1 1 0 0 0 1
415.000000 1.000000e+02 0.000000e+00 1.000000e+02 0.000000e+00 16 6 0 0 0 6 0 0 1 1 0 0 0 0 0 1 0 0 1 1 0 0 0 1
416.000000 1.000000e+02 0.000000e+00 1.000000e+02 0.000000e+00 16 6 0 0 0 6 0 0 1 1 0 0 0 0 0 1 0 0 1 1 0 0 0 1
417.000000 1.000000e+02 0.000000e+00 1.000000e+02 0.000000e+00 16 6 0 0 0 6 0 0 1 1 0 0 0 0 0 1 0 0 1 1 0 0 0 1
418.000000 1.000000e+02 0.000000e+00 1.000000e+02 0.000000e+00 16 6 0 0 0 6 0 0 1 1 0 0 0 0 0 1 0 0 1 1 0 0 0 1
419.000000 1.000000e+02 0.000000e+00 1.000000e+02 0.000000e+00 16 6 0 0 0 6 0 0 1 1 0 0 0 0 0 1 0 0 1 1 0 0 0 1
420.000000 1.000000e+02 0.000000e+00 1.000000e+02 0.000000e+00 16 6 0 0 0 6 0 0 1 1 0 0 0 0 0 1 0 0 1 1 0 0 0 1
421.000000 1.000000e+02 0.000000e+00 1.000000e+02 0.000000e+00 16 6 0 0 0 6 0 0 1 1 0 0 0 0 0 1 0 0 1 1 0 0 0 1
422.000000 1.000000e+02 0.000000e+00 1.000000e+02 0.000000e+00 16 6 0 0 0 6 0 0 1 1 0 0 0 0 0 1 0 0 1 1 0 0 0 1
423.000000 1.000000e+02 0.000000e+00 1.000000e+02 0.000000e+00 16 6 0 0 0 6 0 0 1 1 0 0 0 0 0 1 0 0 1 1 0 0 0 1
424.000000 1.000000e+02 0.000000e+00 1.000000e+02 0.000000e+00 16 6 0 0 0 6 0 0 1 1 0 0 0 0 0 1 0 0 1 1 0 0 0 1
425.000000 1.000000e+02 0.000000e+00 1.000000e+02 0.000000e+00 16 6 0 0 0 6 0 0 1 1 0 0 0 0 0 1 0 0 1 1 0 0 0 1
426.000000 1.000000e+02 0.000000e+00 1.000000e+02 0.000000e+00 16 6 0 0 0 6 0 0 1 1 0 0 0 0 0 1 0 0 1 1 0 0 0 1
427.000000 1.000000e+02 0.000000e+00 1.000000e+02 0.000000e+00 16 6 0 0 0 6 0 0 1 1 0 0 0 0 0 1 0 0 1 1 0 0 0 1
428.000000 1.000000e+02 0.000000e+00 1.000000e+02 0.000000e+00 16 6 0 0 0 6 0 0 1 1 0 0 0 0 0 1 0 0 1 1 0 0 0 1
429.000000 1.000000e+02 0.000000e+00 1.000000e+02 0.000000e+00 16 6 0 0 0 6 0 0 1 1 0 0 0 0 0 1 0 0 1 1 0 0 0 1
430.000000 1.000000e+02 0.000000e+00 1.000000e+02 0.000000e+00 16 6 0 0 0 6 0 0 1 1 0 0 0 0 0 1 0 0 1 1 0 0 0 1
431.000000 1.000000e+02 0.000000e+00 1.000000e+02 0.000000e+00 16 7 0 0 0 7 0 0 1 1 0 0 0 0 0 1 1 0 1 1 0 0 0 1
432.000000 1.000000e+02 0.000000e+00 1.000000e+02 0.000000e+00 16 8 0 0 0 8 0 0 1 1 0 0 0 0 0 1 1 1 1 1 0 0 0 1
433.000000 1.000000e+02 0.000000e+00 1.000000e+02 0.000000e+00 16 8 0 0 0 8 0 0 1 1 0 0 0 0 0 1 1 1 1 1 0 0 0 1
434.000000 1.000000e+02 0.000000e+00 1.000000e+02 0.000000e+00 16 8 0 0 0 8 0 0 1 1 0 0 0 0 0 1 1 1 1 1 0 0 0 1
435.000000 1.000000e+02 0.000000e+00 1.000000e+02 0.000000e+00 16 8 0 0 0 8 0 0 1 1 0 0 0 0 0 1 1 1 1 1 0 0 0 1
436.000000 1.000000e+02 0.000000e+00 1.000000e+02 0.000000e+00 16 8 0 0 0 8 0 0 1 1 0 0 0 0 0 1 1 1 1 1 0 0 0 1
437.000000 1.000000e+02 0.000000e+00 1.000000e+02 0.000000e+00 16 8 0 0 0 8 0 0 1 1 0 0 0 0 0 1 1 1 1 1 0 0 0 1
438.000000 1.000000e+02 0.000000e+00 1.000000e+02 0.000000e+00 16 8 0 0 0 8 0 0 1 1 0 0 0 0 0 1 1 1 1 1 0 0 0 1
439.000000 1.000000e+02 0.000000e+00 1.000000e+02 0.000000e+00 16 9 0 0 0 9 0 0 1 1 0 0 0 0 0 1 1 1 1 1 1 0 0 1
440.000000 1.000000e+02 0.000000e+00 1.000000e+02 0.000000e+00 16 9 0 0 0 9 0 0 1 1 0 0 0 0 0 1 1 1 1 1 1 0 0 1
441.000000 1.000000e+02 0.000000e+00 1.000000e+02 0.000000e+00 16 9 0 0 0 9 0 0 1 1 0 0 0 0 0 1 1 1 1 1 1 0 0 1
442.000000 1.000000e+02 0.000000e+00 1.000000e+02 0.000000e+00 16 9 0 0 0 9 0 0 1 1 0 0 0 0 0 1 1 1 1 1 1 0 0 1
443.000000 1.000000e+02 0.000000e+00 1.000000e+02 0.000000e+00 16 9 0 0 0 9 0 0 1 1 0 0 0 0 0 1 1 1 1 1 1 0 0 1
444.000000 1.000000e+02 0.000000e+00 1.000000e+02 0.000000e+00 16 9 0 0 0 9 0 0 1 1 0 0 0 0 0 1 1 1 1 1 1 0 0 1
445.000000 1.000000e+02 0.000000e+00 1.000000e+02 0.000000e+00 16 9 0 0 0 9 0 0 1 1 0 0 0 0 0 1 1 1 1 1 1 0 0 1
446.000000 1.000000e+02 0.000000e+00 1.000000e+02 0.000000e+00 16 9 0 0 0 9 0 0 1 1 0 0 0 0 0 1 1 1 1 1 1 0 0 1
447.000000 1.000000e+02 0.000000e+00 1.000000e+02 0.000000e+00 16 9 0 0 0 9 0 0 1 1 0 0 0 0 0 1 1 1 1 1 1 0 0 1
448.000000 1.000000e+02 0.000000e+00 1.000000e+02 0.000000e+00 16 9 0 0 0 9 0 0 1 1 0 0 0 0 0 1 1 1 1 1 1 0 0 1
449.000000 1.000000e+02 0.000000e+00 1.000000e+02 0.000000e+00 16 10 0 0 0 10 0 0 1 1 0 0 1 0 0 1 1 1 1 1 1 0 0 1
450.000000 1.000000e+02 0.000000e+00 1.000000e+02 0.000000e+00 16 10 0 0 0 10 0 0 1 1 0 0 1 0 0 1 1 1 1 1 1 0 0 1
451.000000 1.000000e+02 0.000000e+00 1.000000e+02 0.000000e+00 16 11 0 0 0 11 0 0 1 1 0 0 1 0 0 1 1 1 1 1 1 1 0 1
452.000000 1.000000e+02 0.000000e+00 1.000000e+02 0.000000e+00 16 11 0 0 0 11 0 0 1 1 0 0 1 0 0 1 1 1 1 1 1 1 0 1
453.000000 1.000000e+02 0.000000e+00 1.000000e+02 0.000000e+00 16 11 0 0 0 11 0 0 1 1 0 0 1 0 0 1 1 1 1 1 1 1 0 1
454.000000 1.000000e+02 0.000000e+00 1.000000e+02 0.000000e+00 16 11 0 0 0 11 0 0 1 1 0 0 1 0 0 1 1 1 1 1 1 1 0 1
455.000000 1.000000e+02 0.000000e+00 1.000000e+02 0.000000e+00 16 11 0 0 0 11 0 0 1 1 0 0 1 0 0 1 1 1 1 1 1 1 0 1
456.000000 1.000000e+02 0.000000e+00 1.000000e+02 0.000000e+00 16 11 0 0 0 11 0 0 1 1 0 0 1 0 0 1 1 1 1 1 1 1 0 1
457.000000 1.000000e+02 0.000000e+00 1.000000e+02 0.000000e+00 16 11 0 0 0 11 0 0 1 1 0 0 1 0 0 1 1 1 1 1 1 1 0 1
458.000000 1.000000e+02 0.000000e+00 1.000000e+02 0.000000e+00 16 11 0 0 0 11 0 0 1 1 0 0 1 0 0 1 1 1 1 1 1 1 0 1
459.000000 1.000000e+02 0.000000e+00 1.000000e+02 0.000000e+00 16 11 0 0 0 11 0 0 1 1 0 0 1 0 0 1 1 1 1 1 1 1 0 1
460.000000 1.000000e+02 0.000000e+00 1.000000e+02 0.000000e+00 16 11 0 0 0 11 0 0 1 1 0 0 1 0 0 1 1 1 1 1 1 1 0 1
461.000000 1.000000e+02 0.000000e+00 1.000000e+02 0.000000e+00 16 11 0 0 0 11 0 0 1 1 0 0 1 0 0 1 1 1 1 1 1 1 0 1
462.000000 1.000000e+02 0.000000e+00 1.000000e+02 0.000000e+00 16 11 0 0 0 11 0 0 1 1 0 0 1 0 0 1 1 1 1 1 1 1 0 1
463.000000 1.000000e+02 0.000000e+00 1.000000e+02 0.000000e+00 16 11 0 0 0 11 0 0 1 1 0 0 1 0 0 1 1 1 1 1 1 1 0 1
464.000000 1.000000e+02 0.000000e+00 1.000000e+02 0.000000e+00 16 11 0 0 0 11 0 0 1 1 0 0 1 0 0 1 1 1 1 1 1 1 0 1
465.000000 1.000000e+02 0.000000e+00 1.000000e+02 0.000000e+00 16 11 0 0 0 11 0 0 1 1 0 0 1 0 0 1 1 1 1 1 1 1 0 1
466.000000 1.000000e+02 0.000000e+00 1.000000e+02 0.000000e+00 16 11 0 0 0 11 0 0 1 1 0 0 1 0 0 1 1 1 1 1 1 1 0 1
467.000000 1.000000e+02 0.000000e+00 1.000000e+02 0.000000e+00 16 11 0 0 0 11 0 0 1 1 0 0 1 0 0 1 1 1 1 1 1 1 0 1
468.000000 1.000000e+02 0.000000e+00 1.000000e+02 0.000000e+00 16 11 0 0 0 11 0 0 1 1 0 0 1 0 0 1 1 1 1 1 1 1 0 1
469.000000 1.000000e+02 0.000000e+00 1.000000e+02 0.000000e+00 16 11 0 0 0 11 0 0 1 1 0 0 1 0 0 1 1 1 1 1 1 1 0 1
470.000000 1.000000e+02 0.000000e+00 1.000000e+02 0.000000e+00 16 11 0 0 0 11 0 0 1 1 0 0 1 0 0 1 1 1 1 1 1 1 0 1
471.000000 1.000000e+02 0.000000e+00 1.000000e+02 0.000000e+00 16 11 0 0 0 11 0 0 1 1 0 0 1 0 0 1 1 1 1 1 1 1 0 1
472.000000 1.000000e+02 0.000000e+00 1.000000e+02 0.000000e+00 16 11 0 0 0 11 0 0 1 1 0 0 1 0 0 1 1 1 1 1 1 1 0 1
473.000000 1.000000e+02 0.000000e+00 1.000000e+02 0.000000e+00 16 11 0 0 0 11 0 0 1 1 0 0 1 0 0 1 1 1 1 1 1 1 0 1
474.000000 1.000000e+02 0.000000e+00 1.000000e+02 0.000000e+00 16 12 0 0 0 12 0 0 1 1 0 1 1 0 0 1 1 1 1 1 1 1 0 1
475.000000 1.000000e+02 0.000000e+00 1.000000e+02 0.000000e+00 16 12 0 0 0 12 0 0 1 1 0 1 1 0 0 1 1 1 1 1 1 1 0 1
476.000000 1.000000e+02 0.000000e+00 1.000000e+02 0.000000e+00 16 12 0 0 0 12 0 0 1 1 0 1 1 0 0 1 1 1 1 1 1 1 0 1
477.000000 1.000000e+02 0.000000e+00 1.000000e+02 0.000000e+00 16 12 0 0 0 12 0 0 1 1 0 1 1 0 0 1 1 1 1 1 1 1 0 1
478.000000 1.000000e+02 0.000000e+00 1.000000e+02 0.000000e+00 16 12 0 0 0 12 0 0 1 1 0 1 1 0 0 1 1 1 1 1 1 1 0 1
479.000000 1.000000e+02 0.000000e+00 1.000000e+02 0.000000e+00 16 12 0 0 0 12 0 0 1 1 0 1 1 0 0 1 1 1 1 1 1 1 0 1
480.000000 1.000000e+02 0.000000e+00 1.000000e+02 0.000000e+00 16 12 0 0 0 12 0 0 1 1 0 1 1 0 0 1 1 1 1 1 1 1 0 1
481.000000 1.000000e+02 0.000000e+00 1.000000e+02 0.000000e+00 16 12 0 0 0 12 0 0 1 1 0 1 1 0 0 1 1 1 1 1 1 1 0 1
482.000000 1.000000e+02 0.000000e+00 1.000000e+02 0.000000e+00 16 12 0 0 0 12 0 0 1 1 0 1 1 0 0 1 1 1 1 1 1 1 0 1
483.000000 1.000000e+02 0.000000e+00 1.000000e+02 0.000000e+00 16 12 0 0 0 12 0 0 1 1 0 1 1 0 0 1 1 1 1 1 1 1 0 1
484.000000 1.000000e+02 0.000000e+00 1.000000e+02 0.000000e+00 16 12 0 0 0 12 0 0 1 1 0 1 1 0 0 1 1 1 1 1 1 1 0 1
485.000000 1.000000e+02 0.000000e+00 1.000000e+02 0.000000e+00 16 12 0 0 0 12 0 0 1 1 0 1 1 0 0 1 1 1 1 1 1 1 0 1
486.000000 1.000000e+02 0.000000e+00 1.000000e+02 0.000000e+00 16 12 0 0 0 12 0 0 1 1 0 1 1 0 0 1 1 1 1 1 1 1 0 1
487.000000 1.000000e+02 0.000000e+00 1.000000e+02 0.000000e+00 16 12 0 0 0 12 0 0 1 1 0 1 1 0 0 1 1 1 1 1 1 1 0 1
488.000000 1.000000e+02 0.000000e+00 1.000000e+02 0.000000e+00 16 12 0 0 0 12 0 0 1 1 0 1 1 0 0 1 1 1 1 1 1 1 0 1
489.000000 1.000000e+02 0.000000e+00 1.000000e+02 0.000000e+00 16 12 0 0 0 12 0 0 1 1 0 1 1 0 0 1 1 1 1 1 1 1 0 1
490.000000 1.000000e+02 0.000000e+00 1.000000e+02 0.000000e+00 16 12 0 0 0 12 0 0 1 1 0 1 1 0 0 1 1 1 1 1 1 1 0 1
491.000000 1.000000e+02 0.000000e+00 1.000000e+02 0.000000e+00 16 12 0 0 0 12 0 0 1 1 0 1 1 0 0 1 1 1 1 1 1 1 0 1
492.000000 1.000000e+02 0.000000e+00 1.000000e+02 0.000000e+00 16 12 0 0 0 12 0 0 1 1 0 1 1 0 0 1 1 1 1 1 1 1 0 1
493.000000 1.000000e+02 0.000000e+00 1.000000e+02 0.000000e+00 16 12 0 0 0 12 0 0 1 1 0 1 1 0 0 1 1 1 1 1 1 1 0 1
494.000000 1.000000e+02 0.000000e+00 1.000000e+02 0.000000e+00 16 12 0 0 0 12 0 0 1 1 0 1 1 0 0 1 1 1 1 1 1 1 0 1
495.000000 1.000000e+02 0.000000e+00 1.000000e+02 0.000000e+00 16 12 0 0 0 12 0 0 1 1 0 1 1 0 0 1 1 1 1 1 1 1 0 1
496.000000 1.000000e+02 0.000000e+00 1.000000e+02 0.000000e+00 16 12 0 0 0 12 0 0 1 1 0 1 1 0 0 1 1 1 1 1 1 1 0 1
497.000000 1.000000e+02 0.000000e+00 1.000000e+02 0.000000e+00 16 12 0 0 0 12 0 0 1 1 0 1 1 0 0 1 1 1 1 1 1 1 0 1
498.000000 1.000000e+02 0.000000e+00 1.000000e+02 0.000000e+00 16 12 0 0 0 12 0 0 1 1 0 1 1 0 0 1 1 1 1 1 1 1 0 1
499.000000 1.000000e+02 0.000000e+00 1.000000e+02 0.000000e+00 16 12 0 0 0 12 0 0 1 1 0 1 1 0 0 1 1 1 1 1 1 1 0 1
500.000000 1.000000e+02 0.000000e+00 1.000000e+02 0.000000e+00 16 12 0 0 0 12 0 0 1 1 0 1 1 0 0 1 1 1 1 1 1 1 0 1
501.000000 1.000000e+02 0.000000e+00 1.000000e+02 0.000000e+00 16 13 0 0 0 13 0 0 1 1 1 1 1 0 0 1 1 1 1 1 1 1 0 1
502.000000 1.000000e+02 0.000000e+00 1.000000e+02 0.000000e+00 16 13 0 0 0 13 0 0 1 1 1 1 1 0 0 1 1 1 1 1 1 1 0 1
503.000000 1.000000e+02 0.000000e+00 1.000000e+02 0.000000e+00 16 13 0 0 0 13 0 0 1 1 1 1 1 0 0 1 1 1 1 1 1 1 0 1
504.000000 1.000000e+02 0.000000e+00 1.000000e+02 0.000000e+00 16 13 0 0 0 13 0 0 1 1 1 1 1 0 0 1 1 1 1 1 1 1 0 1
505.000000 1.000000e+02 0.000000e+00 1.000000e+02 0.000000e+00 16 13 0 0 0 13 0 0 1 1 1 1 1 0 0 1 1 1 1 1 1 1 0 1
506.000000 1.000000e+02 0.000000e+00 1.000000e+02 0.000000e+00 16 13 0 0 0 13 0 0 1 1 1 1 1 0 0 1 1 1 1 1 1 1 0 1
507.000000 1.000000e+02 0.000000e+00 1.000000e+02 0.000000e+00 16 13 0 0 0 13 0 0 1 1 1 1 1 0 0 1 1 1 1 1 1 1 0 1
508.000000 1.000000e+02 0.000000e+00 1.000000e+02 0.000000e+00 16 13 0 0 0 13 0 0 1 1 1 1 1 0 0 1 1 1 1 1 1 1 0 1
509.000000 1.000000e+02 0.000000e+00 1.000000e+02 0.000000e+00 16 13 0 0 0 13 0 0 1 1 1 1 1 0 0 1 1 1 1 1 1 1 0 1
510.000000 1.000000e+02 0.000000e+00 1.000000e+02 0.000000e+00 16 13 0 0 0 13 0 0 1 1 1 1 1 0 0 1 1 1 1 1 1 1 0 1
511.000000 1.000000e+02 0.000000e+00 1.000000e+02 0.000000e+00 16 13 0 0 0 13 0 0 1 1 1 1 1 0 0 1 1 1 1 1 1 1 0 1
512.000000 1.000000e+02 0.000000e+00 1.000000e+02 0.000000e+00 16 13 0 0 0 13 0 0 1 1 1 1 1 0 0 1 1 1 1 1 1 1 0 1
513.000000 1.000000e+02 0.000000e+00 1.000000e+02 0.000000e+00 16 13 0 0 0 13 0 0 1 1 1 1 1 0 0 1 1 1 1 1 1 1 0 1
514.000000 1.000000e+02 0.000000e+00 1.000000e+02 0.000000e+00 16 13 0 0 0 13 0 0 1 1 1 1 1 0 0 1 1 1 1 1 1 1 0 1
515.000000 1.000000e+02 0.000000e+00 1.000000e+02 0.000000e+00 16 13 0 0 0 13 0 0 1 1 1 1 1 0 0 1 1 1 1 1 1 1 0 1
516.000000 1.000000e+02 0.000000e+00 1.000000e+02 0.000000e+00 16 13 0 0 0 13 0 0 1 1 1 1 1 0 0 1 1 1 1 1 1 1 0 1
517.000000 1.000000e+02 0.000000e+00 1.000000e+02 0.000000e+00 16 13 0 0 0 13 0 0 1 1 1 1 1 0 0 1 1 1 1 1 1 1 0 1
518.000000 1.000000e+02 0.000000e+00 1.000000e+02 0.000000e+00 16 13 0 0 0 13 0 0 1 1 1 1 1 0 0 1 1 1 1 1 1 1 0 1
519.000000 1.000000e+02 0.000000e+00 1.000000e+02 0.000000e+00 16 13 0 0 0 13 0 0 1 1 1 1 1 0 0 1 1 1 1 1 1 1 0 1
520.000000 1.000000e+02 0.000000e+00 1.000000e+02 0.000000e+00 16 13 0 0 0 13 0 0 1 1 1 1 1 0 0 1 1 1 1 1 1 1 0 1
521.000000 1.000000e+02 0.000000e+00 1.000000e+02 0.000000e+00 16 13 0 0 0 13 0 0 1 1 1 1 1 0 0 1 1 1 1 1 1 1 0 1
522.000000 1.000000e+02 0.000000e+00 1.000000e+02 0.000000e+00 16 13 0 0 0 13 0 0 1 1 1 1 1 0 0 1 1 1 1 1 1 1 0 1
523.000000 1.000000e+02 0.000000e+00 1.000000e+02 0.000000e+00 16 13 0 0 0 13 0 0 1 1 1 1 1 0 0 1 1 1 1 1 1 1 0 1
524.000000 1.000000e+02 0.000000e+00 1.000000e+02 0.000000e+00 16 13 0 0 0 13 0 0 1 1 1 1 1 0 0 1 1 1 1 1 1 1 0 1
525.000000 1.000000e+02 0.000000e+00 1.000000e+02 0.000000e+00 16 13 0 0 0 13 0 0 1 1 1 1 1 0 0 1 1 1 1 1 1 1 0 1
526.000000 1.000000e+02 0.000000e+00 1.000000e+02 0.000000e+00 16 13 0 0 0 13 0 0 1 1 1 1 1 0 0 1 1 1 1 1 1 1 0 1
527.000000 1.000000e+02 0.000000e+00 1.000000e+02 0.000000e+00 16 13 0 0 0 13 0 0 1 1 1 1 1 0 0 1 1 1 1 1 1 1 0 1
528.000000 1.000000e+02 0.000000e+00 1.000000e+02 0.000000e+00 16 13 0 0 0 13 0 0 1 1 1 1 1 0 0 1 1 1 1 1 1 1 0 1
529.000000 1.000000e+02 0.000000e+00 1.000000e+02 0.000000e+00 16 13 0 0 0 13 0 0 1 1 1 1 1 0 0 1 1 1 1 1 1 1 0 1
530.000000 1.000000e+02 0.000000e+00 1.000000e+02 0.000000e+00 16 13 0 0 0 13 0 0 1 1 1 1 1 0 0 1 1 1 1 1 1 1 0 1
531.000000 1.000000e+02 0.000000e+00 1.000000e+02 0.000000e+00 16 13 0 0 0 13 0 0 1 1 1 1 1 0 0 1 1 1 1 1 1 1 0 1
532.000000 1.000000e+02 0.000000e+00 1.000000e+02 0.000000e+00 16 13 0 0 0 13 0 0 1 1 1 1 1 0 0 1 1 1 1 1 1 1 0 1
533.000000 1.000000e+02 0.000000e+00 1.000000e+02 0.000000e+00 16 13 0 0 0 13 0 0 1 1 1 1 1 0 0 1 1 1 1 1 1 1 0 1
534.000000 1.000000e+02 0.000000e+00 1.000000e+02 0.000000e+00 16 13 0 0 0 13 0 0 1 1 1 1 1 0 0 1 1 1 1 1 1 1 0 1
535.000000 1.000000e+02 0.000000e+00 1.000000e+02 0.000000e+00 16 13 0 0 0 13 0 0 1 1 1 1 1 0 0 1 1 1 1 1 1 1 0 1
536.000000 1.000000e+02 0.000000e+00 1.000000e+02 0.000000e+00 16 13 0 0 0 13 0 0 1 1 1 1 1 0 0 1 1 1 1 1 1 1 0 1
537.000000 1.000000e+02 0.000000e+00 1.000000e+02 0.000000e+00 16 13 0 0 0 13 0 0 1 1 1 1 1 0 0 1 1 1 1 1 1 1 0 1
538.000000 1.000000e+02 0.000000e+00 1.000000e+02 0.000000e+00 16 13 0 0 0 13 0 0 1 1 1 1 1 0 0 1 1 1 1 1 1 1 0 1
539.000000 1.000000e+02 0.000000e+00 1.000000e+02 0.000000e+00 16 13 0 0 0 13 0 0 1 1 1 1 1 0 0 1 1 1 1 1 1 1 0 1
540.000000 1.000000e+02 0.000000e+00 1.000000e+02 0.000000e+00 16 13 0 0 0 13 0 0 1 1 1 1 1 0 0 1 1 1 1 1 1 1 0 1
541.000000 1.000000e+02 0.000000e+00 1.000000e+02 0.000000e+00 16 13 0 0 0 13 0 0 1 1 1 1 1 0 0 1 1 1 1 1 1 1 0 1
542.000000 1.000000e+02 0.000000e+00 1.000000e+02 0.000000e+00 16 13 0 0 0 13 0 0 1 1 1 1 1 0 0 1 1 1 1 1 1 1 0 1
543.000000 1.000000e+02 0.000000e+00 1.000000e+02 0.000000e+00 16 13 0 0 0 13 0 0 1 1 1 1 1 0 0 1 1 1 1 1 1 1 0 1
544.000000 1.000000e+02 0.000000e+00 1.000000e+02 0.000000e+00 16 13 0 0 0 13 0 0 1 1 1 1 1 0 0 1 1 1 1 1 1 1 0 1
545.000000 1.000000e+02 0.000000e+00 1.000000e+02 0.000000e+00 16 13 0 0 0 13 0 0 1 1 1 1 1 0 0 1 1 1 1 1 1 1 0 1
546.000000 1.000000e+02 0.000000e+00 1.000000e+02 0.000000e+00 16 13 0 0 0 13 0 0 1 1 1 1 1 0 0 1 1 1 1 1 1 1 0 1
547.000000 1.000000e+02 0.000000e+00 1.000000e+02 0.000000e+00 16 13 0 0 0 13 0 0 1 1 1 1 1 0 0 1 1 1 1 1 1 1 0 1
548.000000 1.000000e+02 0.000000e+00 1.000000e+02 0.000000e+00 16 13 0 0 0 13 0 0 1 1 1 1 1 0 0 1 1 1 1 1 1 1 0 1
549.000000 1.000000e+02 0.000000e+00 1.000000e+02 0.000000e+00 16 13 0 0 0 13 0 0 1 1 1 1 1 0 0 1 1 1 1 1 1 1 0 1
550.000000 1.000000e+02 0.000000e+00 1.000000e+02 0.000000e+00 16 13 0 0 0 13 0 0 1 1 1 1 1 0 0 1 1 1 1 1 1 1 0 1
551.000000 1.000000e+02 0.000000e+00 1.000000e+02 0.000000e+00 16 13 0 0 0 13 0 0 1 1 1 1 1 0 0 1 1 1 1 1 1 1 0 1
552.000000 1.000000e+02 0.000000e+00 1.000000e+02 0.000000e+00 16 13 0 0 0 13 0 0 1 1 1 1 1 0 0 1 1 1 1 1 1 1 0 1
553.000000 1.000000e+02 0.000000e+00 1.000000e+02 0.000000e+00 16 13 0 0 0 13 0 0 1 1 1 1 1 0 0 1 1 1 1 1 1 1 0 1
554.000000 1.000000e+02 0.000000e+00 1.000000e+02 0.000000e+00 16 13 0 0 0 13 0 0 1 1 1 1 1 0 0 1 1 1 1 1 1 1 0 1
555.000000 1.000000e+02 0.000000e+00 1.000000e+02 0.000000e+00 16 13 0 0 0 13 0 0 1 1 1 1 1 0 0 1 1 1 1 1 1 1 0 1
556.000000 1.000000e+02 0.000000e+00 1.000000e+02 0.000000e+00 16 13 0 0 0 13 0 0 1 1 1 1 1 0 0 1 1 1 1 1 1 1 0 1
557.000000 1.000000e+02 0.000000e+00 1.000000e+02 0.000000e+00 16 13 0 0 0 13 0 0 1 1 1 1 1 0 0 1 1 1 1 1 1 1 0 1
558.000000 1.000000e+02 0.000000e+00 1.000000e+02 0.000000e+00 16 13 0 0 0 13 0 0 1 1 1 1 1 0 0 1 1 1 1 1 1 1 0 1
559.000000 1.000000e+02 0.000000e+00 1.000000e+02 0.000000e+00 16 13 0 0 0 13 0 0 1 1 1 1 1 0 0 1 1 1 1 1 1 1 0 1
560.000000 1.000000e+02 0.000000e+00 1.000000e+02 0.000000e+00 16 13 0 0 0 13 0 0 1 1 1 1 1 0 0 1 1 1 1 1 1 1 0 1
561.000000 1.000000e+02 0.000000e+00 1.000000e+02 0.000000e+00 16 13 0 0 0 13 0 0 1 1 1 1 1 0 0 1 1 1 1 1 1 1 0 1
562.000000 1.000000e+02 0.000000e+00 1.000000e+02 0.000000e+00 16 13 0 0 0 13 0 0 1 1 1 1 1 0 0 1 1 1 1 1 1 1 0 1
563.000000 1.000000e+02 0.000000e+00 1.000000e+02 0.000000e+00 16 13 0 0 0 13 0 0 1 1 1 1 1 0 0 1 1 1 1 1 1 1 0 1
564.000000 1.000000e+02 0.000000e+00 1.000000e+02 0.000000e+00 16 13 0 0 0 13 0 0 1 1 1 1 1 0 0 1 1 1 1 1 1 1 0 1
565.000000 1.000000e+02 0.000000e+00 1.000000e+02 0.000000e+00 16 13 0 0 0 13 0 0 1 1 1 1 1 0 0 1 1 1 1 1 1 1 0 1
566.000000 1.000000e+02 0.000000e+00 1.000000e+02 0.000000e+00 16 13 0 0 0 13 0 0 1 1 1 1 1 0 0 1 1 1 1 1 1 1 0 1
567.000000 1.000000e+02 0.000000e+00 1.000000e+02 0.000000e+00 16 13 0 0 0 13 0 0 1 1 1 1 1 0 0 1 1 1 1 1 1 1 0 1
568.000000 1.000000e+02 0.000000e+00 1.000000e+02 0.000000e+00 16 13 0 0 0 13 0 0 1 1 1 1 1 0 0 1 1 1 1 1 1 1 0 1
569.000000 1.000000e+02 0.000000e+00 1.000000e+02 0.000000e+00 16 13 0 0 0 13 0 0 1 1 1 1 1 0 0 1 1 1 1 1 1 1 0 1
570.000000 1.000000e+02 0.000000e+00 1.000000e+02 0.000000e+00 16 13 0 0 0 13 0 0 1 1 1 1 1 0 0 1 1 1 1 1 1 1 0 1
571.000000 1.000000e+02 0.000000e+00 1.000000e+02 0.000000e+00 16 13 0 0 0 13 0 0 1 1 1 1 1 0 0 1 1 1 1 1 1 1 0 1
572.000000 1.000000e+02 0.000000e+00 1.000000e+02 0.000000e+00 16 13 0 0 0 13 0 0 1 1 1 1 1 0 0 1 1 1 1 1 1 1 0 1
573.000000 1.000000e+02 0.000000e+00 1.000000e+02 0.000000e+00 16 13 0 0 0 13 0 0 1 1 1 1 1 0 0 1 1 1 1 1 1 1 0 1
574.000000 1.000000e+02 0.000000e+00 1.000000e+02 0.000000e+00 16 13 0 0 0 13 0 0 1 1 1 1 1 0 0 1 1 1 1 1 1 1 0 1
575.000000 1.000000e+02 0.000000e+00 1.000000e+02 0.000000e+00 16 13 0 0 0 13 0 0 1 1 1 1 1 0 0 1 1 1 1 1 1 1 0 1
576.000000 1.000000e+02 0.000000e+00 1.000000e+02 0.000000e+00 16 13 0 0 0 13 0 0 1 1 1 1 1 0 0 1 1 1 1 1 1 1 0 1
577.000000 1.000000e+02 0.000000e+00 1.000000e+02 0.000000e+00 16 13 0 0 0 13 0 0 1 1 1 1 1 0 0 1 1 1 1 1 1 1 0 1
578.000000 1.000000e+02 0.000000e+00 1.000000e+02 0.000000e+00 16 13 0 0 0 13 0 0 1 1 1 1 1 0 0 1 1 1 1 1 1 1 0 1
579.000000 1.000000e+02 0.000000e+00 1.000000e+02 0.000000e+00 16 13 0 0 0 13 0 0 1 1 1 1 1 0 0 1 1 1 1 1 1 1 0 1
580.000000 1.000000e+02 0.000000e+00 1.000000e+02 0.000000e+00 16 13 0 0 0 13 0 0 1 1 1 1 1 0 0 1 1 1 1 1 1 1 0 1
581.000000 1.000000e+02 0.000000e+00 1.000000e+02 0.000000e+00 16 13 0 0 0 13 0 0 1 1 1 1 1 0 0 1 1 1 1 1 1 1 0 1
582.000000 1.000000e+02 0.000000e+00 1.000000e+02 0.000000e+00 16 13 0 0 0 13 0 0 1 1 1 1 1 0 0 1 1 1 1 1 1 1 0 1
583.000000 1.000000e+02 0.000000e+00 1.000000e+02 0.000000e+00 16 13 0 0 0 13 0 0 1 1 1 1 1 0 0 1 1 1 1 1 1 1 0 1
584.000000 1.000000e+02 0.000000e+00 1.000000e+02 0.000000e+00 16 13 0 0 0 13 0 0 1 1 1 1 1 0 0 1 1 1 1 1 1 1 0 1
585.000000 1.000000e+02 0.000000e+00 1.000000e+02 0.000000e+00 16 13 0 0 0 13 0 0 1 1 1 1 1 0 0 1 1 1 1 1 1 1 0 1
586.000000 1.000000e+02 0.000000e+00 1.000000e+02 0.000000e+00 16 13 0 0 0 13 0 0 1 1 1 1 1 0 0 1 1 1 1 1 1 1 0 1
587.000000 1.000000e+02 0.000000e+00 1.000000e+02 0.000000e+00 16 13 0 0 0 13 0 0 1 1 1 1 1 0 0 1 1 1 1 1 1 1 0 1
588.000000 1.000000e+02 0.000000e+00 1.000000e+02 0.000000e+00 16 13 0 0 0 13 0 0 1 1 1 1 1 0 0 1 1 1 1 1 1 1 0 1
589.000000 1.000000e+02 0.000000e+00 1.000000e+02 0.000000e+00 16 13 0 0 0 13 0 0 1 1 1 1 1 0 0 1 1 1 1 1 1 1 0 1
590.000000 1.000000e+02 0.000000e+00 1.000000e+02 0.000000e+00 16 13 0 0 0 13 0 0 1 1 1 1 1 0 0 1 1 1 1 1 1 1 0 1
591.000000 1.000000e+02 0.000000e+00 1.000000e+02 0.000000e+00 16 13 0 0 0 13 0 0 1 1 1 1 1 0 0 1 1 1 1 1 1 1 0 1
592.000000 1.000000e+02 0.000000e+00 1.000000e+02 0.000000e+00 16 13 0 0 0 13 0 0 1 1 1 1 1 0 0 1 1 1 1 1 1 1 0 1
593.000000 1.000000e+02 0.000000e+00 1.000000e+02 0.000000e+00 16 13 0 0 0 13 0 0 1 1 1 1 1 0 0 1 1 1 1 1 1 1 0 1
594.000000 1.000000e+02 0.000000e+00 1.000000e+02 0.000000e+00 16 13 0 0 0 13 0 0 1 1 1 1 1 0 0 1 1 1 1 1 1 1 0 1
595.000000 1.000000e+02 0.000000e+00 1.000000e+02 0.000000e+00 16 13 0 0 0 13 0 0 1 1 1 1 1 0 0 1 1 1 1 1 1 1 0 1
596.000000 1.000000e+02 0.000000e+00 1.000000e+02 0.000000e+00 16 13 0 0 0 13 0 0 1 1 1 1 1 0 0 1 1 1 1 1 1 1 0 1
597.000000 1.000000e+02 0.000000e+00 1.000000e+02 0.000000e+00 16 13 0 0 0 13 0 0 1 1 1 1 1 0 0 1 1 1 1 1 1 1 0 1
598.000000 1.000000e+02 0.000000e+00 1.000000e+02 0.000000e+00 16 13 0 0 0 13 0 0 1 1 1 1 1 0 0 1 1 1 1 1 1 1 0 1
